ALABAMA CONGRESSIONAL DISTRICTS BY PLACE
State,Place,County,CongressionalDistrict
01,00100,017,03
01,00124,067,02
01,00460,073,06
01,00460,073,07
01,00484,133,04
01,00676,065,07
01,00820,117,06
01,00988,095,04
01,01132,123,03
01,01180,015,03
01,01228,107,07
01,01396,009,06
01,01660,009,06
01,01660,055,04
01,01708,039,02
01,01756,077,05
01,01852,015,03
01,02116,043,04
01,02116,095,04
01,02260,083,05
01,02320,073,06
01,02320,115,03
01,02428,045,02
01,02500,133,04
01,02836,069,02
01,02860,027,03
01,02908,115,03
01,02956,083,05
01,03004,053,01
01,03028,055,04
01,03076,081,03
01,03220,001,02
01,03364,069,02
01,03508,097,01
01,03556,039,02
01,03676,043,04
01,03724,005,02
01,03820,055,04
01,03940,109,02
01,04660,003,01
01,04684,097,01
01,04852,093,04
01,04900,099,01
01,04948,075,04
01,05140,059,04
01,05164,057,04
01,05188,119,07
01,05212,097,01
01,05692,085,07
01,05932,057,04
01,05980,073,06
01,05980,073,07
01,06460,001,02
01,07000,073,06
01,07000,073,07
01,07000,117,06
01,07120,061,02
01,07456,009,06
01,07588,051,02
01,07672,005,02
01,07912,055,04
01,07912,095,04
01,08104,063,07
01,08248,121,03
01,08680,131,07
01,09016,041,02
01,09064,117,06
01,09136,007,06
01,09208,053,01
01,09328,071,05
01,09400,073,07
01,09424,093,04
01,09457,055,04
01,09500,117,06
01,09736,073,06
01,09808,125,04
01,09808,125,07
01,09880,019,04
01,10240,109,02
01,10456,097,01
01,11032,023,07
01,11416,021,06
01,11416,117,06
01,11488,097,01
01,11488,129,01
01,11512,131,07
01,11680,123,03
01,12016,127,04
01,12040,073,06
01,12070,055,04
01,12112,025,07
01,12160,039,02
01,12304,107,07
01,12496,035,02
01,12544,131,07
01,12760,019,03
01,13264,073,06
01,13264,073,07
01,13648,019,03
01,13672,007,06
01,14008,129,01
01,14104,117,06
01,14152,033,04
01,14392,097,01
01,14464,121,03
01,14728,015,03
01,14968,097,01
01,15064,097,01
01,15136,021,06
01,15256,073,06
01,15256,073,07
01,15304,045,02
01,15376,005,02
01,15472,009,06
01,15640,005,02
01,16000,125,07
01,16080,055,04
01,16240,061,02
01,16264,025,07
01,16312,125,04
01,16600,019,03
01,16600,049,04
01,16684,043,04
01,16744,069,02
01,16768,117,06
01,16936,073,06
01,17176,051,02
01,17368,127,04
01,17824,069,02
01,17968,009,06
01,17968,073,06
01,18040,079,04
01,18088,069,02
01,18304,097,01
01,18856,049,04
01,18952,119,07
01,18976,043,04
01,19024,023,07
01,19024,129,01
01,19216,017,03
01,19336,123,03
01,19360,045,02
01,19648,003,01
01,19744,097,01
01,19816,123,03
01,19912,091,07
01,20008,051,02
01,20104,083,05
01,20104,103,05
01,20152,129,01
01,20272,027,03
01,20296,091,07
01,20392,075,04
01,20955,043,04
01,21136,127,04
01,21184,045,02
01,21184,067,02
01,21184,069,02
01,21280,133,04
01,21328,095,04
01,21448,041,02
01,21890,117,06
01,21952,071,05
01,22216,053,01
01,22504,043,04
01,22816,051,02
01,23032,073,07
01,23176,029,03
01,23224,055,04
01,23296,031,02
01,23320,003,01
01,23344,127,04
01,23488,083,05
01,23656,051,02
01,23872,119,07
01,23880,051,02
01,24184,031,02
01,24184,045,02
01,24256,119,07
01,24472,107,07
01,24568,005,02
01,24616,061,02
01,24664,063,07
01,24688,103,05
01,24808,035,02
01,24880,099,01
01,25120,073,07
01,25216,129,01
01,25240,003,01
01,25384,043,04
01,25648,103,05
01,25816,091,07
01,25840,057,04
01,25864,121,03
01,26152,011,02
01,26200,017,03
01,26824,053,01
01,26848,039,02
01,26896,077,05
01,26992,003,01
01,27088,073,06
01,27088,073,07
01,27376,063,07
01,27520,085,07
01,27616,049,04
01,27640,045,02
01,28024,087,03
01,28120,017,03
01,28312,099,01
01,28408,129,01
01,28432,029,03
01,28504,025,07
01,28552,073,06
01,28672,049,04
01,28696,055,04
01,28768,119,07
01,28816,055,04
01,28936,039,02
01,29032,009,06
01,29032,043,04
01,29056,073,06
01,29296,019,03
01,29392,119,07
01,29464,061,02
01,29560,013,02
01,29608,049,04
01,29704,023,07
01,29944,057,04
01,29944,093,04
01,29992,015,03
01,29992,055,04
01,30160,041,02
01,30448,123,03
01,30496,043,04
01,30640,037,06
01,30736,107,07
01,30760,069,02
01,30808,085,07
01,30880,109,02
01,31000,111,03
01,31024,097,01
01,31096,095,04
01,31348,073,06
01,31348,073,07
01,31384,073,06
01,31720,065,07
01,31912,013,02
01,32056,045,02
01,32080,025,01
01,32080,025,07
01,32224,093,04
01,32248,097,01
01,32272,003,01
01,32416,095,04
01,32440,089,05
01,32536,057,04
01,32536,093,04
01,32560,093,04
01,32584,123,03
01,32656,067,02
01,32704,093,04
01,32704,133,04
01,32848,093,04
01,32896,049,04
01,32968,043,04
01,33256,117,06
01,33424,061,02
01,33448,103,05
01,33472,089,05
01,33544,079,04
01,33640,009,06
01,33712,085,07
01,33808,089,05
01,33856,067,02
01,33904,039,02
01,33976,029,03
01,34024,073,06
01,34024,073,07
01,34024,117,06
01,34096,049,04
01,34480,009,06
01,34490,117,06
01,34816,079,04
01,34984,037,06
01,35130,129,01
01,35152,015,03
01,35200,059,04
01,35392,055,04
01,35512,027,03
01,35536,029,03
01,35560,043,04
01,35632,071,05
01,35704,125,07
01,35752,051,02
01,35800,073,06
01,35800,073,07
01,35896,073,06
01,35896,073,07
01,35896,117,06
01,36088,039,02
01,36448,073,06
01,36448,073,07
01,36592,017,03
01,37000,083,05
01,37000,089,05
01,37096,113,03
01,37264,071,05
01,37312,049,04
01,37465,117,06
01,37864,073,06
01,37864,073,07
01,38032,055,04
01,38152,025,01
01,38152,025,07
01,38248,123,03
01,38272,015,03
01,38416,127,04
01,38608,021,06
01,39088,043,04
01,39088,095,04
01,39280,127,04
01,39472,037,06
01,39520,075,04
01,39784,077,05
01,39856,073,06
01,40072,069,02
01,40096,031,02
01,40648,113,03
01,40672,017,03
01,40888,049,04
01,40928,125,07
01,41296,017,03
01,41368,071,05
01,41968,073,06
01,41968,115,03
01,41968,117,06
01,42016,019,03
01,42160,033,04
01,42304,129,01
01,42352,083,05
01,42472,045,02
01,42640,077,05
01,42808,039,02
01,43120,121,03
01,43240,091,07
01,43264,027,03
01,43336,073,07
01,43384,023,07
01,43648,033,04
01,43720,119,07
01,43744,081,03
01,43816,039,02
01,43888,009,06
01,44160,055,04
01,44344,005,02
01,44536,085,07
01,44608,003,01
01,44728,041,02
01,44800,133,04
01,45208,073,06
01,45208,073,07
01,45316,107,07
01,45472,129,01
01,45496,013,02
01,45496,035,02
01,45640,107,07
01,45784,083,05
01,45784,089,05
01,45904,069,02
01,46072,003,01
01,46192,129,01
01,46264,061,02
01,46504,021,06
01,46600,001,02
01,46696,115,03
01,46768,105,07
01,47728,073,06
01,47740,117,06
01,47848,099,01
01,48052,107,07
01,48064,049,04
01,48112,089,05
01,48376,073,07
01,48400,045,02
01,48424,011,02
01,48616,121,03
01,48712,001,02
01,48712,051,02
01,48784,027,03
01,48808,075,04
01,48832,129,01
01,49072,073,07
01,50000,097,01
01,50192,099,01
01,50312,117,06
01,51000,101,02
01,51000,101,03
01,51000,101,07
01,51096,115,03
01,51216,089,05
01,51264,083,05
01,51456,073,06
01,51468,111,03
01,51520,085,07
01,51600,079,04
01,51648,065,07
01,51648,125,07
01,51696,073,06
01,52320,037,06
01,52344,073,06
01,52608,097,01
01,52680,097,01
01,52776,073,06
01,52848,121,03
01,53016,033,04
01,53112,091,07
01,53208,091,07
01,53232,015,03
01,53256,045,02
01,53376,133,04
01,53400,127,04
01,53400,133,04
01,53448,009,06
01,53472,023,07
01,53784,065,07
01,53856,031,02
01,54168,089,05
01,54312,089,05
01,54432,123,03
01,54480,045,02
01,54582,055,04
01,54600,067,02
01,55044,079,04
01,55152,073,06
01,55200,125,04
01,55200,125,07
01,55440,081,03
01,55440,087,03
01,55752,121,03
01,55848,131,07
01,55992,127,04
01,56400,115,03
01,56472,015,03
01,57000,009,06
01,57024,039,02
01,57048,081,03
01,57120,039,02
01,57144,003,01
01,57240,047,07
01,57384,123,03
01,57504,089,05
01,57576,015,03
01,57576,121,03
01,57648,045,02
01,57696,071,05
01,57912,119,07
01,58272,127,04
01,58848,117,06
01,58896,115,03
01,58968,023,07
01,59016,017,03
01,59088,003,01
01,59232,099,01
01,59328,041,02
01,59472,081,03
01,59472,113,03
01,59496,059,04
01,59592,107,07
01,59640,015,03
01,59640,019,03
01,59760,101,02
01,59760,101,03
01,59832,045,02
01,59880,131,07
01,60240,131,07
01,60264,001,02
01,60372,049,04
01,60648,073,06
01,60648,073,07
01,60720,071,05
01,61008,073,06
01,61008,073,07
01,61038,071,05
01,61488,003,01
01,61536,053,01
01,62075,049,04
01,62328,001,02
01,62328,051,02
01,62472,103,05
01,62496,097,01
01,62688,091,07
01,62952,091,07
01,63216,115,03
01,63288,055,04
01,63336,049,04
01,63408,029,03
01,63495,037,06
01,63576,059,04
01,63730,051,02
01,63768,039,02
01,63912,089,05
01,63984,055,04
01,64040,123,03
01,64104,107,07
01,64152,069,02
01,64368,035,02
01,64656,055,04
01,64776,039,02
01,64920,115,03
01,65016,053,01
01,65040,111,03
01,65208,003,01
01,65412,073,06
01,65472,037,06
01,65592,111,03
01,65784,025,07
01,66216,077,05
01,66408,009,06
01,67056,059,04
01,67176,041,02
01,67536,077,05
01,67584,129,01
01,67608,015,03
01,67800,061,02
01,67920,019,03
01,67920,049,04
01,68016,039,02
01,68160,097,01
01,68280,055,04
01,68280,095,04
01,68352,097,01
01,68736,071,05
01,69000,071,05
01,69120,047,07
01,69180,047,07
01,69648,033,04
01,69672,117,06
01,69840,049,04
01,69978,117,06
01,70128,087,03
01,70416,023,07
01,70536,003,01
01,70632,129,01
01,70704,127,04
01,70896,071,05
01,71040,061,02
01,71190,081,03
01,71201,009,06
01,71280,009,04
01,71280,009,06
01,71496,103,05
01,71832,015,03
01,71832,055,04
01,71900,043,04
01,71976,003,01
01,72408,019,03
01,72600,115,03
01,72672,059,04
01,72720,017,03
01,72888,115,03
01,73056,117,06
01,73080,071,05
01,73152,037,06
01,73728,075,04
01,73848,073,06
01,73848,127,04
01,73872,003,01
01,74160,009,04
01,74160,009,06
01,74304,091,07
01,74352,121,03
01,74400,049,04
01,74424,073,06
01,74592,121,03
01,74616,121,03
01,74688,051,02
01,74688,123,03
01,74976,073,06
01,74976,073,07
01,75096,061,02
01,75096,069,02
01,75768,097,01
01,75936,091,07
01,75960,025,07
01,76080,021,06
01,76200,129,01
01,76208,055,04
01,76320,097,01
01,76584,079,04
01,76632,023,07
01,76680,009,06
01,76680,073,06
01,76824,089,05
01,76872,103,05
01,76920,109,02
01,76944,073,06
01,76944,073,07
01,76944,115,03
01,77256,125,04
01,77256,125,07
01,77280,033,04
01,77304,087,03
01,77352,093,04
01,77580,077,05
01,77616,063,07
01,77784,095,04
01,77880,011,02
01,77904,105,07
01,78120,099,01
01,78204,017,03
01,78232,047,07
01,78240,049,04
01,78264,007,06
01,78264,125,07
01,78312,117,06
01,78480,075,04
01,78552,073,06
01,78552,117,06
01,78984,059,04
01,79008,115,03
01,79008,117,06
01,79008,121,03
01,79032,129,01
01,79272,099,01
01,79344,111,03
01,79488,121,03
01,79728,055,04
01,79944,073,06
01,80064,077,05
01,80256,017,03
01,80256,081,03
01,80352,015,03
01,80376,069,02
01,80496,111,03
01,80736,037,06
01,80928,007,06
01,81084,015,03
01,81336,073,06
01,81504,117,06
01,81528,043,04
01,81720,051,02
01,81744,025,07
01,81912,085,07
01,82104,015,03
01,82176,055,04
01,82848,117,06
01,82872,117,06
01,82992,057,04
01,82992,093,04
01,83400,111,03
01,83640,007,06
01,83640,125,07
01,83664,071,05
01,83976,131,07
01,84096,119,07
