CALIFORNIA CONGRESSIONAL DISTRICTS BY PLACE
State,Place,County,CongressionalDistrict
06,00135,013,11
06,00156,077,09
06,00212,037,25
06,00296,071,08
06,00310,049,01
06,00394,037,33
06,00450,037,25
06,00464,065,42
06,00478,039,04
06,00535,099,10
06,00562,001,13
06,00618,013,11
06,00674,001,13
06,00716,045,02
06,00786,023,02
06,00884,037,27
06,00898,013,11
06,00947,059,48
06,00982,091,01
06,00996,095,03
06,01010,107,21
06,01094,063,01
06,01150,037,43
06,01164,107,21
06,01192,073,50
06,01228,003,04
06,01276,061,01
06,01290,037,27
06,01360,057,01
06,01416,041,02
06,01444,049,01
06,01458,085,17
06,01458,085,19
06,01514,005,04
06,01640,055,05
06,01651,087,20
06,02000,059,39
06,02000,059,45
06,02000,059,46
06,02028,045,02
06,02042,089,01
06,02112,009,04
06,02168,055,05
06,02210,067,03
06,02210,067,06
06,02252,013,09
06,02252,013,11
06,02294,065,36
06,02364,071,08
06,02378,087,20
06,02382,087,20
06,02420,011,03
06,02462,037,27
06,02476,023,02
06,02553,067,06
06,02553,067,07
06,02700,031,21
06,02770,009,04
06,02812,053,20
06,02812,069,20
06,02868,079,24
06,02896,037,38
06,02910,021,03
06,02924,029,21
06,02980,001,13
06,02980,001,15
06,03026,051,08
06,03064,079,24
06,03092,081,18
06,03162,047,16
06,03190,019,04
06,03204,061,01
06,03204,061,04
06,03205,017,04
06,03209,077,09
06,03274,037,47
06,03302,031,21
06,03316,009,04
06,03330,079,24
06,03344,037,32
06,03344,037,38
06,03386,037,32
06,03512,071,08
06,03526,029,21
06,03526,029,23
06,03666,037,32
06,03694,083,24
06,03708,047,16
06,03792,007,01
06,03820,065,36
06,04030,071,08
06,04198,039,04
06,04415,013,11
06,04470,013,05
06,04478,023,02
06,04576,115,03
06,04632,047,16
06,04716,003,04
06,04730,043,04
06,04734,029,23
06,04758,065,36
06,04772,063,01
06,04856,063,01
06,04870,037,40
06,04926,089,01
06,04938,111,30
06,04982,037,38
06,04982,037,40
06,04996,037,40
06,05108,081,14
06,05164,041,02
06,05262,023,02
06,05276,103,01
06,05290,095,05
06,05332,087,18
06,05346,051,08
06,06000,001,13
06,06028,065,36
06,06070,007,01
06,06150,015,02
06,06210,013,09
06,06308,037,33
06,06336,035,01
06,06406,071,08
06,06434,071,08
06,06475,089,01
06,06518,019,04
06,06560,007,01
06,06567,023,02
06,06616,027,08
06,06635,071,08
06,06728,019,16
06,06798,027,08
06,06928,013,11
06,06935,079,24
06,06982,041,02
06,06994,063,01
06,07036,097,02
06,07064,071,35
06,07162,023,02
06,07172,071,08
06,07218,065,36
06,07246,097,02
06,07260,097,02
06,07274,029,23
06,07316,041,02
06,07372,025,51
06,07379,039,16
06,07414,073,51
06,07414,073,53
06,07470,087,18
06,07498,073,50
06,07512,045,02
06,07525,043,04
06,07568,029,23
06,07578,053,20
06,07596,073,50
06,07624,073,50
06,07652,087,18
06,07694,073,51
06,07750,019,21
06,07848,097,05
06,07946,037,27
06,07974,053,20
06,08058,025,51
06,08100,059,39
06,08142,013,09
06,08172,099,10
06,08240,051,08
06,08310,081,14
06,08338,081,14
06,08478,087,18
06,08530,045,02
06,08680,005,04
06,08716,043,04
06,08744,063,01
06,08758,083,24
06,08786,059,39
06,08786,059,47
06,08828,005,04
06,08954,037,28
06,08954,037,30
06,08968,085,18
06,09066,081,14
06,09122,089,01
06,09150,105,02
06,09310,007,01
06,09318,007,01
06,09324,007,01
06,09332,029,21
06,09346,013,09
06,09353,099,10
06,09360,065,36
06,09598,037,33
06,09710,025,51
06,09780,029,23
06,09822,107,23
06,09834,049,01
06,09864,065,36
06,09878,025,51
06,09892,055,05
06,09948,079,24
06,09990,045,02
06,10004,091,01
06,10031,019,16
06,10042,005,04
06,10044,005,04
06,10046,111,26
06,10074,079,24
06,10088,085,18
06,10256,017,04
06,10270,017,04
06,10301,013,11
06,10345,085,18
06,10494,107,23
06,10508,073,51
06,10559,073,49
06,10561,073,49
06,10676,115,03
06,10732,049,01
06,10816,019,21
06,10914,063,01
06,10928,065,42
06,11040,087,20
06,11166,063,01
06,11194,073,49
06,11250,053,20
06,11324,053,20
06,11376,097,02
06,11390,067,07
06,11418,061,04
06,11446,083,24
06,11481,093,01
06,11530,037,44
06,11600,027,08
06,11614,019,21
06,11656,111,26
06,11691,073,50
06,11691,073,53
06,11754,083,24
06,11768,045,02
06,11782,089,01
06,11796,037,25
06,11915,013,11
06,11964,001,13
06,11964,001,15
06,11978,053,20
06,12048,065,36
06,12062,043,04
06,12132,079,24
06,12146,097,02
06,12300,109,04
06,12314,107,23
06,12328,049,01
06,12412,019,22
06,12524,099,10
06,12552,037,38
06,12594,051,08
06,12612,115,03
06,12669,111,26
06,12734,037,32
06,12818,007,01
06,12860,029,21
06,12902,001,15
06,12916,065,36
06,12930,063,01
06,13014,007,01
06,13077,063,01
06,13157,029,23
06,13182,109,04
06,13210,071,35
06,13210,071,39
06,13214,071,39
06,13294,039,16
06,13364,053,20
06,13392,073,51
06,13392,073,53
06,13560,037,32
06,13588,067,07
06,13756,037,27
06,13784,113,03
06,13854,067,07
06,13882,013,11
06,13910,035,01
06,13945,033,03
06,13966,033,03
06,13985,033,05
06,14008,045,02
06,14106,063,01
06,14148,007,01
06,14190,097,02
06,14218,019,22
06,14232,013,11
06,14260,065,36
06,14274,019,21
06,14288,039,04
06,14302,033,05
06,14406,105,02
06,14442,007,01
06,14450,017,04
06,14454,109,04
06,14484,051,08
06,14498,061,01
06,14554,011,03
06,14708,077,09
06,14736,081,14
06,14764,017,04
06,14890,071,31
06,14904,109,04
06,14946,011,03
06,14974,037,40
06,15030,045,02
06,15044,037,44
06,16000,013,11
06,16035,007,01
06,16210,009,04
06,16224,031,21
06,16322,103,01
06,16350,065,42
06,16378,073,52
06,16420,065,42
06,16434,087,20
06,16462,041,02
06,16532,059,48
06,16560,097,05
06,16580,059,45
06,16630,089,01
06,16644,043,04
06,16651,077,09
06,16714,067,03
06,16728,045,02
06,16742,037,32
06,16762,099,10
06,17022,015,02
06,17050,063,01
06,17078,047,16
06,17106,073,50
06,17162,071,08
06,17204,065,41
06,17232,079,24
06,17267,063,01
06,17274,013,05
06,17288,063,01
06,17372,051,08
06,17428,099,10
06,17498,037,40
06,17568,037,37
06,17610,085,17
06,17708,107,22
06,17722,023,02
06,17727,083,24
06,17750,059,47
06,17918,081,14
06,17946,059,49
06,17988,013,11
06,17988,013,15
06,17995,049,01
06,18030,027,08
06,18086,087,18
06,18100,113,03
06,18153,087,20
06,18324,055,05
06,18352,037,43
06,18394,029,21
06,18450,107,22
06,18464,047,16
06,18485,063,01
06,18506,073,49
06,18590,053,20
06,18674,019,21
06,18688,053,20
06,18695,099,10
06,18856,099,10
06,18926,029,23
06,18940,073,50
06,18982,065,36
06,18986,065,36
06,18996,065,36
06,19022,065,36
06,19024,025,51
06,19052,037,25
06,19150,013,11
06,19155,099,10
06,19192,037,39
06,19220,017,04
06,19262,041,02
06,19318,107,22
06,19339,013,09
06,19402,095,03
06,19406,027,08
06,19416,115,03
06,19440,077,09
06,19455,061,04
06,19570,009,04
06,19584,093,01
06,19612,047,16
06,19654,047,16
06,19724,105,02
06,19766,037,40
06,19794,091,01
06,19878,035,01
06,19976,005,04
06,19990,037,32
06,20018,001,15
06,20032,107,21
06,20228,113,03
06,20242,093,01
06,20270,007,01
06,20284,029,23
06,20298,061,01
06,20424,049,01
06,20438,107,21
06,20598,085,17
06,20598,085,19
06,20697,065,36
06,20746,037,38
06,20802,037,34
06,20802,037,40
06,20900,101,03
06,20907,099,10
06,20928,019,21
06,20942,107,22
06,20956,081,14
06,20984,037,27
06,21012,107,23
06,21026,063,01
06,21034,037,44
06,21061,013,11
06,21096,037,27
06,21138,063,01
06,21188,109,04
06,21210,107,22
06,21230,065,42
06,21530,093,01
06,21558,029,21
06,21565,079,24
06,21600,029,23
06,21712,073,50
06,21712,073,53
06,21782,025,51
06,21796,013,11
06,21810,065,42
06,21880,017,04
06,21894,097,05
06,21936,081,14
06,21964,037,25
06,22006,021,03
06,22020,067,07
06,22034,053,20
06,22146,095,03
06,22230,037,32
06,22286,047,16
06,22300,079,24
06,22328,043,04
06,22360,107,22
06,22360,107,23
06,22370,111,26
06,22412,037,33
06,22454,013,11
06,22457,065,42
06,22510,097,05
06,22524,067,03
06,22587,081,18
06,22594,001,13
06,22622,099,10
06,22678,073,49
06,22790,077,10
06,22804,073,50
06,22846,113,03
06,22972,093,01
06,23000,073,50
06,23042,023,02
06,23126,107,22
06,23150,073,49
06,23168,041,02
06,23182,095,03
06,23210,039,16
06,23294,067,07
06,23350,001,15
06,23462,073,50
06,23532,089,01
06,23616,107,22
06,23630,077,09
06,23812,029,23
06,23826,087,18
06,23910,023,02
06,23973,097,05
06,23980,005,04
06,24008,023,02
06,24022,023,02
06,24092,111,26
06,24134,019,21
06,24218,043,04
06,24477,037,40
06,24477,037,44
06,24498,067,07
06,24526,057,01
06,24568,103,01
06,24638,067,07
06,24680,071,31
06,24680,071,35
06,24722,067,06
06,24750,007,01
06,24764,029,23
06,24834,061,04
06,24897,009,04
06,24918,007,01
06,24960,097,02
06,25030,049,01
06,25058,045,02
06,25114,071,08
06,25128,093,01
06,25296,023,02
06,25300,019,22
06,25338,081,14
06,25380,059,48
06,25436,019,21
06,25488,047,16
06,25506,067,03
06,25534,029,23
06,25576,087,20
06,25590,067,03
06,26000,001,15
06,26000,001,17
06,26028,077,09
06,26056,089,01
06,26067,065,42
06,27000,019,16
06,27000,019,22
06,27014,019,22
06,27080,085,18
06,27130,067,06
06,27190,029,21
06,28000,059,39
06,28014,097,05
06,28021,027,08
06,28112,067,09
06,28154,023,02
06,28168,037,43
06,28182,077,09
06,28210,079,24
06,29000,059,46
06,29000,059,47
06,29000,059,48
06,29070,083,24
06,29112,065,36
06,29154,015,02
06,29252,093,01
06,29350,017,04
06,29392,103,01
06,29420,097,02
06,29504,085,19
06,29504,085,20
06,29644,065,41
06,30000,037,28
06,30014,037,27
06,30014,037,32
06,30028,097,05
06,30282,029,23
06,30339,063,01
06,30345,067,07
06,30378,083,24
06,30392,053,20
06,30410,065,41
06,30420,091,01
06,30476,107,22
06,30560,063,01
06,30658,071,31
06,30686,031,21
06,30693,061,04
06,30703,073,50
06,30714,057,01
06,30798,057,01
06,30812,097,02
06,30882,099,10
06,30900,043,04
06,30938,029,23
06,30944,065,42
06,30987,029,21
06,30994,053,20
06,31029,063,01
06,31092,037,25
06,31099,095,03
06,31134,093,01
06,31162,063,01
06,31246,093,01
06,31260,007,01
06,31288,011,03
06,31302,017,04
06,31372,109,04
06,31393,079,24
06,31414,083,24
06,31470,097,02
06,31540,113,03
06,31568,047,16
06,31596,037,39
06,31708,081,14
06,31883,063,01
06,31890,021,03
06,31960,031,21
06,32030,093,01
06,32044,073,50
06,32156,031,21
06,32324,107,23
06,32340,095,03
06,32385,037,25
06,32408,089,01
06,32506,037,38
06,32548,037,43
06,32562,105,02
06,33000,001,15
06,33056,097,02
06,33084,025,51
06,33182,065,36
06,33294,067,07
06,33308,013,05
06,33336,035,01
06,33364,037,33
06,33434,071,08
06,33504,099,10
06,33518,037,30
06,33532,073,50
06,33549,033,05
06,33574,065,41
06,33588,071,08
06,33633,081,14
06,33798,081,14
06,33861,047,16
06,33935,015,02
06,34120,069,20
06,34246,025,51
06,34281,031,21
06,34302,065,42
06,34316,065,42
06,34392,071,08
06,34405,027,08
06,34428,007,01
06,34484,067,03
06,34652,045,02
06,34694,093,01
06,34708,043,04
06,34904,099,10
06,34928,023,02
06,36000,059,48
06,36056,037,40
06,36084,019,21
06,36098,105,02
06,36126,023,02
06,36168,107,23
06,36203,065,36
06,36280,025,51
06,36294,073,51
06,36350,027,08
06,36364,063,01
06,36420,023,02
06,36434,065,36
06,36448,065,36
06,36452,065,36
06,36490,037,32
06,36490,037,39
06,36546,037,37
06,36546,037,43
06,36613,087,20
06,36616,041,02
06,36658,029,23
06,36672,005,04
06,36735,063,01
06,36770,059,45
06,36826,037,32
06,36868,083,24
06,36882,067,03
06,36910,107,22
06,36980,005,04
06,37022,073,51
06,37106,109,04
06,37120,073,50
06,37134,035,01
06,37274,097,02
06,37400,029,23
06,37484,035,01
06,37512,063,01
06,37554,071,08
06,37582,073,50
06,37596,105,02
06,37624,051,08
06,37904,063,01
06,37918,027,08
06,37946,029,23
06,38024,007,01
06,38044,033,05
06,38065,077,09
06,38076,107,23
06,38086,013,11
06,38114,041,02
06,38156,097,05
06,38226,019,21
06,38310,029,23
06,38352,089,01
06,38394,031,21
06,38422,099,10
06,38520,053,20
06,38548,061,04
06,38562,019,21
06,38604,057,01
06,38604,061,01
06,38646,003,04
06,38646,005,04
06,38702,015,02
06,38772,013,09
06,38800,113,03
06,39003,037,28
06,39045,037,28
06,39094,081,18
06,39108,037,37
06,39114,059,49
06,39122,013,11
06,39178,059,48
06,39220,059,45
06,39248,059,48
06,39259,059,45
06,39283,041,02
06,39290,059,39
06,39304,037,39
06,39318,081,18
06,39411,063,01
06,39420,063,01
06,39425,063,01
06,39444,071,08
06,39460,103,01
06,39472,049,01
06,39483,063,01
06,39484,043,04
06,39486,065,42
06,39496,059,45
06,39514,089,01
06,39556,037,25
06,39570,029,23
06,39598,065,42
06,39612,037,25
06,39645,065,41
06,39645,065,42
06,39670,079,24
06,39690,057,01
06,39696,029,23
06,39710,033,05
06,39715,065,36
06,39724,073,50
06,39735,111,26
06,39766,073,50
06,39836,065,42
06,39885,057,01
06,39892,037,38
06,39892,037,47
06,40004,073,53
06,40032,037,38
06,40088,029,21
06,40116,019,21
06,40130,037,23
06,40130,037,25
06,40256,059,38
06,40312,063,01
06,40326,073,53
06,40340,037,32
06,40354,065,36
06,40410,067,07
06,40426,097,02
06,40438,041,02
06,40508,087,20
06,40526,059,49
06,40536,103,01
06,40592,053,20
06,40704,077,09
06,40746,019,21
06,40830,037,32
06,40872,039,16
06,40886,037,43
06,40928,045,02
06,40956,029,23
06,40998,051,08
06,41026,045,02
06,41040,047,16
06,41110,107,23
06,41124,073,53
06,41142,067,06
06,41152,031,21
06,41166,031,21
06,41180,037,43
06,41194,071,08
06,41208,037,25
06,41278,105,02
06,41282,085,18
06,41390,049,01
06,41474,061,04
06,41558,077,09
06,41572,115,03
06,41656,107,23
06,41670,077,09
06,41712,107,22
06,41740,107,22
06,41782,035,01
06,41789,063,01
06,41866,045,02
06,41880,037,25
06,41922,087,20
06,41936,101,03
06,41992,001,15
06,42006,047,16
06,42104,077,09
06,42146,053,20
06,42202,077,09
06,42230,011,03
06,42328,023,02
06,42370,071,31
06,42384,081,18
06,42412,115,03
06,42468,037,43
06,42510,087,18
06,42524,083,24
06,42566,107,22
06,42580,027,08
06,42622,109,04
06,43000,037,44
06,43000,037,47
06,43126,049,01
06,43140,061,04
06,43224,059,47
06,43252,083,24
06,43280,085,18
06,43294,085,18
06,44000,037,25
06,44000,037,28
06,44000,037,29
06,44000,037,30
06,44000,037,33
06,44000,037,34
06,44000,037,37
06,44000,037,40
06,44000,037,43
06,44000,037,44
06,44028,047,16
06,44042,079,24
06,44112,085,18
06,44140,103,01
06,44168,083,24
06,44182,079,24
06,44242,079,24
06,44280,029,21
06,44350,033,03
06,44364,091,01
06,44378,085,18
06,44399,041,02
06,44406,033,03
06,44420,071,08
06,44574,037,44
06,44644,071,08
06,44672,063,01
06,44700,089,01
06,44760,067,06
06,44770,107,23
06,44784,093,01
06,44812,093,01
06,44826,029,21
06,44830,051,08
06,44910,023,02
06,44924,029,23
06,45006,047,16
06,45022,039,16
06,45050,039,16
06,45064,113,03
06,45092,105,02
06,45120,007,01
06,45232,019,21
06,45246,037,33
06,45358,051,08
06,45386,045,02
06,45400,037,33
06,45414,023,02
06,45484,077,10
06,45512,103,01
06,45680,065,41
06,45736,029,23
06,45778,053,20
06,45806,037,33
06,45820,041,02
06,45932,043,04
06,45988,003,04
06,46100,005,04
06,46114,013,05
06,46114,013,11
06,46170,115,03
06,46223,107,22
06,46226,067,07
06,46338,011,03
06,46400,019,16
06,46436,037,32
06,46492,037,40
06,46520,065,42
06,46618,063,01
06,46632,061,01
06,46646,065,41
06,46660,065,36
06,46702,111,26
06,46814,045,02
06,46828,019,21
06,46842,065,42
06,46870,081,14
06,46870,081,18
06,46884,071,08
06,46884,071,31
06,46898,047,16
06,46926,101,03
06,47013,027,08
06,47066,065,36
06,47086,003,04
06,47164,029,23
06,47192,029,21
06,47332,033,05
06,47374,043,04
06,47430,059,47
06,47430,059,48
06,47472,035,01
06,47486,081,14
06,47710,041,02
06,47724,089,01
06,47766,085,17
06,47794,103,01
06,47822,019,22
06,47976,065,41
06,47976,065,42
06,48046,111,26
06,48060,023,02
06,48147,083,24
06,48186,083,24
06,48256,059,45
06,48256,059,49
06,48298,109,04
06,48354,099,10
06,48448,063,01
06,48452,029,23
06,48480,009,04
06,48592,019,21
06,48602,051,08
06,48641,109,04
06,48648,037,27
06,48648,037,32
06,48676,107,22
06,48690,093,01
06,48718,013,05
06,48760,081,14
06,48788,071,35
06,48816,037,38
06,48844,083,24
06,48872,053,20
06,48914,037,27
06,48916,099,10
06,48928,097,02
06,48956,085,18
06,48998,089,01
06,49045,113,03
06,49138,111,26
06,49180,077,09
06,49187,013,11
06,49270,065,41
06,49278,085,19
06,49348,071,08
06,49362,079,24
06,49432,055,05
06,49446,081,14
06,49488,053,20
06,49544,065,36
06,49558,089,01
06,49582,077,09
06,49600,029,23
06,49628,009,04
06,49651,013,05
06,49670,085,18
06,49684,071,08
06,49768,093,01
06,49796,087,18
06,49810,073,50
06,49852,093,01
06,49950,041,02
06,50034,009,04
06,50076,065,42
06,50132,071,31
06,50146,023,02
06,50188,023,02
06,50258,055,05
06,50398,073,51
06,50734,071,08
06,50874,057,01
06,50916,001,17
06,51000,061,04
06,51028,083,24
06,51042,049,01
06,51140,099,10
06,51168,049,01
06,51182,059,48
06,51280,041,02
06,51294,033,03
06,51336,101,03
06,51392,025,51
06,51470,039,04
06,51476,079,24
06,51560,065,42
06,51574,007,01
06,51622,013,15
06,51637,061,01
06,51637,061,04
06,51812,029,23
06,51820,037,27
06,51840,081,18
06,51890,013,11
06,51924,067,06
06,51990,033,03
06,52162,013,11
06,52246,057,01
06,52302,065,36
06,52379,059,45
06,52526,037,38
06,52582,041,02
06,52610,035,01
06,52624,065,42
06,52694,099,10
06,52715,071,08
06,52760,071,08
06,52764,039,04
06,53000,001,13
06,53070,013,09
06,53116,111,26
06,53160,079,24
06,53182,111,26
06,53196,055,05
06,53224,065,36
06,53266,097,02
06,53294,079,24
06,53322,073,49
06,53378,025,51
06,53448,029,23
06,53476,111,26
06,53490,027,08
06,53505,019,16
06,53505,019,22
06,53602,089,01
06,53714,115,03
06,53896,071,35
06,53910,029,23
06,53924,087,20
06,53980,059,45
06,53980,059,46
06,54008,019,22
06,54092,067,07
06,54120,083,24
06,54218,023,02
06,54232,013,11
06,54274,021,03
06,54372,107,22
06,54386,007,01
06,54388,007,01
06,54652,111,26
06,54764,013,11
06,54806,081,14
06,54848,053,20
06,55044,053,20
06,55048,087,20
06,55086,007,01
06,55156,037,25
06,55184,065,36
06,55254,065,36
06,55282,085,18
06,55296,089,01
06,55380,037,33
06,55422,025,51
06,55506,107,23
06,55520,007,01
06,55528,051,08
06,55604,087,20
06,55618,037,40
06,55728,099,10
06,55751,039,16
06,55800,067,06
06,55842,039,16
06,55856,019,21
06,56000,037,27
06,56000,037,28
06,56028,087,20
06,56042,103,01
06,56112,099,10
06,56120,107,22
06,56140,035,01
06,56182,063,01
06,56196,103,01
06,56294,027,08
06,56350,065,41
06,56476,097,05
06,56518,057,01
06,56546,061,04
06,56700,065,41
06,56756,081,18
06,56784,097,02
06,56784,097,05
06,56798,077,09
06,56826,071,08
06,56854,023,02
06,56868,045,02
06,56870,109,04
06,56924,037,38
06,56938,001,13
06,57011,107,23
06,57036,091,01
06,57070,053,20
06,57134,107,23
06,57148,005,04
06,57204,023,02
06,57240,029,23
06,57244,109,04
06,57260,073,50
06,57288,013,05
06,57302,071,08
06,57330,005,04
06,57372,111,26
06,57414,079,24
06,57456,013,11
06,57512,107,21
06,57526,059,39
06,57540,017,04
06,57568,107,22
06,57582,047,16
06,57764,013,11
06,57792,001,15
06,57828,063,01
06,57829,115,03
06,57834,005,04
06,57876,045,02
06,57960,041,02
06,58030,017,04
06,58072,037,35
06,58134,107,23
06,58191,107,23
06,58226,013,05
06,58240,107,23
06,58296,111,26
06,58352,063,01
06,58380,081,18
06,58422,107,23
06,58436,107,23
06,58478,073,51
06,58506,045,02
06,58520,073,52
06,58618,063,01
06,58758,011,03
06,58814,103,01
06,58870,053,20
06,59052,037,23
06,59080,063,01
06,59115,007,01
06,59220,009,04
06,59248,073,50
06,59290,019,21
06,59346,073,50
06,59426,009,04
06,59444,067,07
06,59451,071,31
06,59500,065,36
06,59506,067,07
06,59514,037,33
06,59550,073,50
06,59584,073,49
06,59587,059,45
06,59604,103,01
06,59668,029,23
06,59892,103,01
06,59896,005,04
06,59906,023,02
06,59920,089,01
06,59962,071,08
06,59962,071,31
06,60018,037,33
06,60088,023,02
06,60102,081,14
06,60102,081,18
06,60214,045,02
06,60242,019,22
06,60279,013,11
06,60466,071,31
06,60466,071,35
06,60592,103,01
06,60606,107,21
06,60620,013,11
06,60662,007,01
06,60704,029,23
06,60706,069,20
06,60900,023,02
06,60928,087,20
06,60942,067,03
06,60970,101,03
06,60984,095,03
06,61012,065,36
06,61026,077,10
06,61068,099,10
06,61096,019,21
06,61106,099,10
06,61124,005,04
06,62000,065,41
06,62168,101,03
06,62200,007,01
06,62364,061,04
06,62490,013,05
06,62496,107,21
06,62546,097,05
06,62602,037,33
06,62625,039,16
06,62644,037,33
06,62700,013,11
06,62756,065,42
06,62826,029,23
06,62854,029,23
06,62860,037,38
06,62868,097,05
06,62896,037,27
06,62910,067,07
06,62938,061,04
06,62980,041,02
06,63050,059,47
06,63106,057,01
06,63134,089,01
06,63148,027,08
06,63168,099,10
06,63218,037,39
06,63260,065,41
06,63316,071,08
06,63386,105,02
06,63400,055,05
06,64000,067,06
06,64140,055,05
06,64210,099,10
06,64224,053,20
06,64252,097,02
06,64294,025,51
06,64308,025,51
06,64392,023,02
06,64420,009,04
06,64434,041,02
06,64462,071,27
06,64476,053,20
06,65000,071,31
06,65028,081,14
06,65042,111,24
06,65042,111,26
06,65070,081,14
06,65084,059,49
06,65112,053,20
06,66000,073,49
06,66000,073,50
06,66000,073,51
06,66000,073,52
06,66000,073,53
06,66004,073,50
06,66070,037,32
06,66140,037,29
06,67000,075,12
06,67000,075,13
06,67000,075,14
06,67042,037,27
06,67056,019,21
06,67070,041,02
06,67112,065,36
06,67126,019,21
06,68000,085,17
06,68000,085,18
06,68000,085,19
06,68014,069,20
06,68028,059,49
06,68084,001,13
06,68112,001,15
06,68140,053,20
06,68154,079,24
06,68196,073,50
06,68224,037,27
06,68238,085,19
06,68252,081,14
06,68263,013,11
06,68266,079,24
06,68294,013,11
06,68308,037,27
06,68364,041,02
06,68378,013,11
06,68378,013,15
06,68434,079,24
06,69000,059,46
06,69000,059,48
06,69070,083,24
06,69084,085,17
06,69088,037,25
06,69112,087,18
06,69112,087,20
06,69154,037,38
06,69182,079,24
06,69196,083,24
06,70000,037,33
06,70028,047,16
06,70042,111,26
06,70098,097,05
06,70130,111,26
06,70140,111,25
06,70154,041,02
06,70182,083,24
06,70224,073,50
06,70266,013,11
06,70280,085,18
06,70322,111,26
06,70336,091,01
06,70364,041,02
06,70518,023,02
06,70588,087,18
06,70644,087,20
06,70686,059,48
06,70712,097,02
06,70728,071,08
06,70742,053,20
06,70770,097,02
06,70798,025,51
06,70882,019,21
06,70966,107,23
06,71000,097,02
06,71078,107,22
06,71084,099,10
06,71106,029,21
06,71134,079,24
06,71218,089,01
06,71225,089,01
06,71246,019,04
06,71362,013,11
06,71372,023,02
06,71414,061,04
06,71554,017,04
06,71568,089,01
06,71680,027,08
06,71774,091,01
06,71778,091,01
06,71806,037,27
06,71834,109,04
06,71848,091,01
06,71876,037,47
06,71927,055,05
06,71932,107,23
06,71964,071,08
06,72016,111,25
06,72016,111,26
06,72086,083,24
06,72156,065,36
06,72184,041,02
06,72282,115,03
06,72338,029,21
06,72380,015,02
06,72408,047,16
06,72478,033,05
06,72492,057,01
06,72506,073,49
06,72520,053,20
06,72576,083,24
06,72646,097,05
06,72674,109,04
06,72688,087,20
06,72772,109,04
06,72954,047,16
06,72996,037,38
06,73080,037,44
06,73108,017,04
06,73167,037,32
06,73178,007,01
06,73220,037,27
06,73262,081,14
06,73276,037,27
06,73290,037,32
06,73388,029,23
06,73430,037,38
06,73554,035,01
06,73612,053,20
06,73654,063,01
06,73690,033,03
06,73696,073,53
06,73700,071,08
06,73710,107,23
06,73794,019,22
06,73815,029,23
06,73868,029,23
06,73906,085,18
06,73962,059,47
06,74130,037,25
06,74144,047,16
06,74172,041,02
06,74186,007,01
06,75000,077,09
06,75154,011,03
06,75168,063,01
06,75252,031,21
06,75280,107,23
06,75315,041,02
06,75322,109,04
06,75588,107,23
06,75592,107,23
06,75596,107,23
06,75630,095,03
06,75672,107,22
06,75714,083,24
06,75994,019,16
06,75994,019,22
06,76015,061,04
06,76022,065,41
06,76040,051,08
06,77000,085,17
06,77042,001,15
06,77126,059,48
06,77308,037,25
06,77364,035,01
06,77378,101,03
06,77392,005,04
06,77430,051,08
06,77574,029,23
06,77588,029,23
06,77595,077,09
06,77700,061,04
06,77728,017,04
06,77728,061,04
06,77784,045,02
06,77805,041,02
06,77924,013,05
06,77960,019,22
06,78008,063,01
06,78050,027,08
06,78092,029,23
06,78106,103,01
06,78120,065,42
06,78120,065,50
06,78126,097,05
06,78134,065,42
06,78148,037,27
06,78162,079,24
06,78176,093,01
06,78232,077,09
06,78288,107,21
06,78336,107,21
06,78456,065,36
06,78470,007,01
06,78568,077,09
06,78582,111,26
06,78596,065,36
06,78638,107,23
06,78652,019,21
06,78666,041,02
06,78715,097,02
06,78750,107,21
06,78792,063,01
06,78890,041,02
06,78932,107,22
06,78949,107,23
06,78960,037,33
06,79030,051,08
06,79529,083,24
06,80000,037,33
06,80000,037,43
06,80238,077,10
06,80266,019,21
06,80280,107,22
06,80364,069,20
06,80448,023,02
06,80476,105,02
06,80483,105,02
06,80515,027,08
06,80560,101,03
06,80588,057,04
06,80644,107,22
06,80686,093,01
06,80763,109,04
06,80784,029,23
06,80812,099,10
06,80854,059,45
06,80882,047,16
06,80896,109,04
06,80952,063,01
06,80966,109,04
06,80994,071,08
06,81050,087,20
06,81134,045,02
06,81204,001,15
06,81302,113,03
06,81312,047,16
06,81344,071,27
06,81344,071,31
06,81358,033,03
06,81554,095,03
06,81638,037,32
06,81652,009,04
06,81666,095,05
06,81708,065,36
06,81722,029,23
06,81736,073,50
06,81778,097,02
06,81792,099,10
06,81869,063,01
06,81890,009,04
06,81925,027,08
06,81967,037,25
06,82072,083,24
06,82086,083,24
06,82334,091,01
06,82422,037,40
06,82562,077,09
06,82590,071,08
06,82667,037,37
06,82744,059,45
06,82786,103,01
06,82814,037,32
06,82842,013,05
06,82852,067,07
06,82954,107,22
06,82996,073,49
06,83085,065,36
06,83094,005,04
06,83108,047,16
06,83215,013,11
06,83262,051,08
06,83304,009,04
06,83332,037,39
06,83346,013,11
06,83374,067,03
06,83402,037,44
06,83460,065,42
06,83494,063,01
06,83542,029,21
06,83570,057,01
06,83612,099,10
06,83626,077,09
06,83668,087,20
06,83724,107,22
06,83766,043,04
06,83794,105,02
06,83850,093,01
06,83863,029,21
06,83948,029,23
06,84004,023,02
06,84116,037,43
06,84120,027,08
06,84144,037,43
06,84200,037,32
06,84345,107,22
06,84385,023,02
06,84410,037,28
06,84438,037,26
06,84480,099,10
06,84536,081,18
06,84550,059,47
06,84550,059,48
06,84578,099,10
06,84592,037,43
06,84606,025,51
06,84680,019,16
06,84732,009,04
06,84774,037,32
06,84780,037,44
06,84816,113,06
06,84921,037,38
06,84928,035,01
06,85012,115,03
06,85086,063,01
06,85206,065,36
06,85222,079,24
06,85292,037,38
06,85446,065,42
06,85551,027,08
06,85586,011,03
06,85600,045,02
06,85614,037,44
06,85642,023,02
06,85684,021,03
06,85866,107,23
06,85880,067,07
06,85894,065,42
06,85922,097,02
06,85992,073,50
06,86020,025,51
06,86034,113,03
06,86076,047,16
06,86174,029,23
06,86216,041,02
06,86230,077,09
06,86244,065,42
06,86300,107,22
06,86328,113,03
06,86380,079,24
06,86440,081,18
06,86482,107,21
06,86594,071,08
06,86678,007,01
06,86734,107,22
06,86804,113,03
06,86832,059,39
06,86878,039,04
06,86912,043,04
06,86930,055,05
06,86944,093,01
06,86972,101,03
06,87042,071,08
06,87056,071,08
06,87090,087,18
