FLORIDA CONGRESSIONAL DISTRICTS BY PLACE
State,Place,County,CongressionalDistrict
12,00075,099,21
12,00375,001,03
12,00410,095,07
12,00410,095,08
12,00410,095,09
12,00625,063,02
12,00800,113,01
12,00950,117,07
12,01000,013,02
12,01050,069,06
12,01100,105,09
12,01100,105,17
12,01125,071,17
12,01353,075,02
12,01475,081,16
12,01625,037,02
12,01675,057,16
12,01700,095,10
12,01750,027,17
12,01775,001,03
12,01875,053,11
12,01875,101,12
12,02187,019,03
12,02250,069,11
12,02275,069,06
12,02400,031,04
12,02500,099,21
12,02550,105,09
12,02575,065,05
12,02660,113,01
12,02681,086,23
12,02750,055,17
12,02850,095,07
12,02850,095,09
12,02900,105,09
12,02925,113,01
12,03250,031,04
12,03275,086,23
12,03375,057,16
12,03480,103,13
12,03675,105,17
12,03725,063,02
12,03975,086,23
12,04070,095,10
12,04150,095,10
12,04162,101,12
12,04200,103,13
12,04250,053,11
12,04350,081,16
12,04650,101,12
12,04735,103,13
12,04925,115,16
12,04975,041,02
12,05025,019,03
12,05075,103,13
12,05100,103,13
12,05125,103,13
12,05150,103,13
12,05200,099,20
12,05300,095,10
12,05375,083,11
12,05462,033,01
12,05825,113,01
12,06100,035,06
12,06125,017,11
12,06350,087,26
12,06425,087,26
12,06600,086,24
12,06625,095,07
12,06625,095,08
12,06667,017,11
12,06670,117,07
12,06875,057,15
12,06875,057,16
12,06925,013,02
12,07300,099,22
12,07375,071,19
12,07450,059,02
12,07525,071,19
12,07687,011,20
12,07775,049,17
12,07875,099,21
12,07950,081,16
12,07975,081,16
12,08125,105,17
12,08150,057,15
12,08175,121,02
12,08300,033,01
12,08450,105,17
12,08575,099,21
12,08600,077,02
12,08650,011,22
12,08650,011,23
12,08700,075,02
12,08725,007,03
12,08762,053,11
12,08800,053,11
12,08925,113,01
12,09000,086,24
12,09315,043,17
12,09350,071,17
12,09350,071,19
12,09415,097,09
12,09550,035,06
12,09612,071,19
12,09625,119,11
12,09630,109,06
12,09655,099,18
12,09700,089,04
12,09725,005,02
12,09875,097,09
12,09900,063,02
12,10100,099,20
12,10250,009,08
12,10275,071,19
12,10425,071,19
12,10725,037,02
12,10825,057,14
12,10975,133,02
12,11050,117,07
12,11150,005,02
12,11225,075,02
12,11285,097,09
12,11325,119,11
12,11362,033,01
12,11597,071,17
12,11625,015,17
12,11650,015,17
12,11800,039,05
12,11912,057,12
12,11912,057,14
12,11925,075,02
12,11975,133,02
12,12150,021,25
12,12250,095,08
12,12275,117,07
12,12300,113,01
12,12325,091,01
12,12412,017,11
12,12425,057,14
12,12450,017,11
12,12675,095,10
12,12875,103,12
12,12875,103,13
12,12925,069,15
12,12950,015,17
12,13000,051,25
12,13050,099,20
12,13125,113,01
12,13150,009,08
12,13175,009,08
12,13225,009,08
12,13275,011,22
12,13400,119,11
12,13775,105,15
12,13965,101,12
12,14050,095,07
12,14050,095,10
12,14125,011,23
12,14250,086,27
12,14400,011,22
12,14412,086,27
12,14700,081,16
12,14850,063,02
12,14895,086,24
12,14895,086,25
12,15055,086,26
12,15300,129,02
12,15325,109,06
12,15375,107,03
12,15475,091,01
12,15515,105,09
12,15575,029,02
12,15725,105,15
12,15775,017,11
12,15800,101,12
12,15862,087,26
12,15968,086,27
12,16050,105,09
12,16062,071,19
12,16100,093,17
12,16125,101,12
12,16175,101,12
12,16335,011,23
12,16450,105,09
12,16475,011,23
12,16500,067,02
12,16525,127,06
12,16550,127,06
12,16675,127,06
12,16725,011,22
12,16800,131,01
12,16875,127,06
12,16937,127,06
12,16975,127,06
12,17100,099,21
12,17200,127,06
12,17300,115,16
12,17325,091,01
12,17450,113,01
12,17710,113,01
12,17725,095,10
12,17935,086,25
12,18075,057,15
12,18425,087,26
12,18550,105,09
12,18575,103,12
12,18675,083,02
12,18875,105,09
12,19025,075,02
12,19206,103,12
12,19212,057,14
12,19212,057,15
12,19275,113,01
12,19350,107,03
12,19400,037,02
12,19575,075,02
12,19650,095,10
12,19725,133,02
12,19825,127,06
12,19900,095,10
12,20050,091,01
12,20108,057,14
12,20275,101,12
12,20375,081,16
12,20650,086,24
12,20825,015,17
12,20825,115,17
12,20925,033,01
12,21150,071,19
12,21250,059,01
12,21350,069,06
12,21425,021,25
12,21750,095,07
12,21750,095,10
12,21850,041,02
12,21850,075,02
12,21945,103,13
12,22100,061,08
12,22175,089,04
12,22225,069,11
12,22250,117,07
12,22275,033,01
12,22325,113,01
12,22375,086,27
12,22387,057,16
12,22475,023,02
12,22550,035,06
12,22550,127,06
12,22560,109,06
12,22660,019,03
12,22775,017,11
12,22975,086,26
12,23050,061,08
12,23125,113,01
12,23375,117,07
12,23730,051,25
12,23850,049,17
12,23875,049,17
12,24000,011,20
12,24000,011,22
12,24000,011,23
12,24100,105,17
12,24125,071,19
12,24150,071,19
12,24175,071,17
12,24300,111,18
12,24337,111,18
12,24387,111,18
12,24475,091,01
12,24500,023,02
12,24562,086,25
12,24581,069,15
12,24581,095,10
12,24581,097,09
12,24581,105,09
12,24581,105,15
12,24710,011,20
12,24825,131,01
12,24900,105,09
12,24925,109,04
12,24975,069,11
12,25000,115,16
12,25025,105,17
12,25125,105,15
12,25175,001,03
12,25392,113,01
12,25475,053,11
12,25550,049,17
12,25655,071,19
12,25750,117,07
12,25900,057,14
12,25900,057,15
12,25900,057,16
12,25925,061,08
12,25987,086,24
12,26000,127,06
12,26050,099,20
12,26075,003,05
12,26100,086,27
12,26250,086,23
12,26300,021,25
12,26375,086,24
12,26475,095,07
12,26475,117,07
12,26550,099,21
12,26700,033,01
12,26775,021,19
12,26900,095,10
12,26925,033,01
12,26950,086,26
12,27000,063,02
12,27175,063,02
12,27256,009,08
12,27322,099,21
12,27360,103,12
12,27400,019,03
12,27550,039,05
12,27575,079,05
12,27600,063,02
12,27635,105,09
12,27650,039,05
12,27775,015,17
12,27800,069,15
12,28000,113,01
12,28050,115,16
12,28175,103,13
12,28275,099,21
12,28305,099,20
12,28400,105,09
12,28452,011,23
12,28575,007,03
12,28650,103,13
12,28800,015,17
12,28925,051,25
12,28937,071,19
12,29000,113,01
12,29100,109,06
12,29150,039,05
12,29200,099,20
12,29275,001,03
12,29320,117,07
12,29385,101,12
12,29425,017,11
12,29437,053,11
12,30000,086,25
12,30025,086,25
12,30200,099,22
12,30225,105,15
12,30225,105,17
12,30325,105,09
12,30494,053,11
12,30525,001,03
12,30700,105,09
12,30750,089,04
12,30800,053,11
12,30850,011,22
12,30858,011,22
12,30975,085,18
12,31025,095,10
12,31075,101,12
12,31275,113,01
12,31350,127,06
12,32000,011,23
12,32000,011,24
12,32150,081,16
12,32250,105,17
12,32275,086,26
12,32325,086,26
12,32375,017,11
12,32400,017,11
12,32610,095,10
12,32650,029,02
12,32675,077,02
12,32775,069,11
12,32825,101,12
12,32967,095,10
12,32993,111,18
12,33150,099,21
12,33250,021,25
12,33375,009,08
12,33425,086,23
12,33450,009,08
12,33585,111,18
12,33600,061,08
12,33625,103,13
12,33675,103,13
12,33700,085,18
12,33800,075,02
12,33900,107,03
12,33950,017,11
12,33958,017,11
12,33966,017,11
12,34000,105,09
12,34012,071,19
12,34132,087,26
12,34175,086,26
12,34185,021,25
12,34275,053,11
12,34400,086,24
12,35000,031,04
12,35000,031,05
12,35050,031,04
12,35200,063,02
12,35300,105,09
12,35350,101,12
12,35375,047,05
12,35425,113,01
12,35525,047,05
12,35550,085,18
12,35800,009,08
12,35850,099,18
12,35862,099,18
12,35875,099,18
12,35890,099,18
12,35900,099,18
12,35925,085,18
12,35950,105,15
12,36062,086,26
12,36100,086,27
12,36121,086,26
12,36175,103,13
12,36200,115,16
12,36220,099,21
12,36300,086,27
12,36325,087,26
12,36375,087,26
12,36462,057,12
12,36462,057,14
12,36475,019,03
12,36535,101,12
12,36550,087,26
12,36950,097,09
12,37225,051,25
12,37275,101,12
12,37300,001,03
12,37375,069,11
12,37500,005,02
12,37525,105,09
12,37542,099,20
12,37625,095,10
12,37648,095,10
12,37650,125,03
12,37775,023,02
12,37775,023,05
12,37800,099,21
12,37975,105,09
12,38000,099,20
12,38012,095,09
12,38025,127,06
12,38162,069,06
12,38250,105,15
12,38262,105,15
12,38262,105,17
12,38275,053,11
12,38287,091,01
12,38332,069,06
12,38350,057,14
12,38425,117,07
12,38430,095,09
12,38519,077,02
12,38575,119,11
12,38600,099,20
12,38625,055,17
12,38690,115,16
12,38813,019,03
12,38950,105,09
12,39056,099,21
12,39062,111,18
12,39075,099,21
12,39100,065,05
12,39200,101,12
12,39375,099,21
12,39425,103,13
12,39475,011,22
12,39525,011,20
12,39550,011,20
12,39600,115,17
12,39650,091,01
12,39700,007,03
12,39725,087,26
12,39750,011,22
12,39775,103,13
12,39825,017,11
12,39850,079,05
12,39875,069,11
12,39925,071,17
12,39925,071,19
12,39950,086,26
12,39987,021,19
12,40037,021,19
12,40100,049,17
12,40450,011,22
12,40525,049,17
12,40562,099,18
12,40750,069,11
12,40875,121,02
12,40950,065,05
12,40985,071,19
12,41025,095,10
12,41150,081,16
12,41150,115,16
12,41250,117,07
12,41400,105,09
12,41562,005,02
12,41577,099,20
12,41775,057,12
12,41775,057,14
12,41825,005,02
12,41950,003,05
12,42090,071,19
12,42150,083,03
12,42400,103,13
12,42425,079,05
12,42575,095,07
12,42625,009,08
12,42650,063,02
12,42700,099,21
12,42750,015,17
12,42787,075,02
12,42850,057,15
12,42900,099,20
12,43000,087,26
12,43083,021,19
12,43125,011,22
12,43175,063,02
12,43250,035,06
12,43250,109,06
12,43375,091,01
12,43400,053,11
12,43425,069,11
12,43475,071,19
12,43484,071,19
12,43575,067,02
12,43785,101,12
12,43800,095,10
12,43900,086,25
12,43925,105,15
12,43975,009,08
12,44000,009,08
12,44075,009,08
12,44175,081,16
12,44275,009,08
12,44300,005,02
12,45000,086,24
12,45000,086,25
12,45000,086,27
12,45025,086,27
12,45060,086,24
12,45100,086,25
12,45175,086,24
12,45200,086,25
12,45225,001,03
12,45275,009,08
12,45350,019,03
12,45425,039,05
12,45465,113,01
12,45475,117,07
12,45750,113,01
12,45775,009,08
12,45900,069,11
12,45975,011,20
12,46000,131,01
12,46225,033,01
12,46500,065,05
12,46520,051,25
12,46525,069,11
12,46540,101,12
12,46550,043,17
12,46725,075,02
12,47000,113,01
12,47050,069,06
12,47125,069,06
12,47175,113,01
12,47200,105,17
12,47300,113,01
12,47550,033,01
12,47625,021,19
12,47650,021,19
12,47675,021,19
12,47700,086,26
12,47787,089,04
12,48050,113,01
12,48055,113,01
12,48100,031,04
12,48200,001,03
12,48500,101,12
12,48525,101,12
12,48625,127,06
12,48750,091,01
12,48825,053,11
12,48850,109,04
12,48875,115,17
12,48900,059,01
12,49225,086,27
12,49237,053,11
12,49260,057,14
12,49275,127,06
12,49350,071,17
12,49350,071,19
12,49406,087,26
12,49425,011,20
12,49450,086,24
12,49475,086,24
12,49600,099,18
12,49675,115,17
12,49725,103,13
12,49750,085,18
12,49787,115,16
12,49905,053,11
12,50450,127,06
12,50525,095,10
12,50575,011,20
12,50575,011,22
12,50630,019,03
12,50638,095,10
12,50750,083,03
12,50900,085,18
12,50925,091,01
12,50950,099,21
12,51075,095,10
12,51100,101,12
12,51125,086,24
12,51150,069,11
12,51200,093,17
12,51350,103,12
12,51400,071,17
12,51475,086,27
12,51505,049,17
12,51650,086,24
12,51825,127,06
12,52125,019,03
12,52162,021,25
12,52175,061,08
12,52250,113,01
12,53000,095,07
12,53000,095,09
12,53000,095,10
12,53100,095,10
12,53150,127,06
12,53200,127,06
12,53425,115,16
12,53425,115,17
12,53500,075,02
12,53575,117,07
12,53725,113,01
12,53775,071,19
12,53800,099,20
12,53850,069,06
12,53875,107,03
12,54000,009,08
12,54025,099,21
12,54075,099,18
12,54150,099,21
12,54175,085,18
12,54200,035,06
12,54250,081,16
12,54275,086,27
12,54300,086,26
12,54350,103,12
12,54357,071,17
12,54357,071,19
12,54387,057,14
12,54387,057,15
12,54425,009,08
12,54450,099,21
12,54500,086,25
12,54525,109,04
12,54625,129,02
12,54700,005,02
12,54725,005,02
12,54912,095,10
12,55075,005,02
12,55125,011,22
12,55305,101,12
12,55375,009,08
12,55475,131,01
12,55532,113,01
12,55540,057,14
12,55650,021,19
12,55750,011,24
12,55775,011,23
12,55875,019,03
12,55925,033,01
12,56150,123,02
12,56425,127,06
12,56475,099,20
12,56475,099,21
12,56500,095,10
12,56625,086,27
12,56825,095,10
12,56840,053,11
12,56850,071,19
12,56865,069,06
12,56875,071,19
12,56955,113,01
12,56975,103,13
12,57025,071,19
12,57058,017,11
12,57066,021,19
12,57250,086,24
12,57320,051,25
12,57380,069,06
12,57425,011,23
12,57450,115,17
12,57492,021,25
12,57518,099,18
12,57550,057,15
12,57900,097,09
12,57900,105,09
12,57908,113,01
12,57950,105,15
12,58025,107,03
12,58050,011,20
12,58050,011,22
12,58175,059,01
12,58200,127,06
12,58350,015,17
12,58420,051,25
12,58575,127,06
12,58600,101,12
12,58675,045,02
12,58700,009,08
12,58715,111,18
12,58727,085,18
12,58962,005,02
12,58975,086,26
12,59050,057,15
12,59200,015,17
12,59250,071,19
12,59311,101,12
12,59325,039,05
12,59400,125,03
12,59475,075,02
12,59675,083,03
12,59725,103,13
12,59750,103,13
12,60225,086,26
12,60225,086,27
12,60230,086,26
12,60275,103,13
12,60325,053,11
12,60475,115,16
12,60550,085,18
12,60562,095,09
12,60785,111,18
12,60835,101,12
12,60950,057,15
12,60950,057,16
12,60975,099,20
12,61500,009,08
12,61615,113,01
12,61807,011,20
12,61875,061,08
12,61937,015,17
12,62100,099,18
12,62100,099,20
12,62100,099,21
12,62118,099,20
12,62275,057,16
12,62425,103,12
12,62500,109,04
12,62525,109,04
12,62550,109,06
12,62562,109,04
12,62625,097,09
12,62675,071,19
12,62775,101,12
12,62800,111,18
12,62825,129,02
12,62885,103,13
12,63000,103,13
12,63225,081,16
12,63362,127,06
12,63375,101,12
12,63425,071,19
12,63435,099,21
12,63650,117,07
12,63700,071,19
12,64175,115,16
12,64325,115,16
12,64400,009,08
12,64525,109,04
12,64547,099,18
12,64725,011,22
12,64825,061,08
12,64875,055,17
12,64925,057,15
12,64975,103,13
12,65100,099,21
12,65200,127,06
12,65225,085,18
12,65385,101,12
12,65425,091,01
12,65525,009,08
12,66000,115,16
12,66062,069,11
12,66175,083,11
12,66425,095,10
12,66725,063,02
12,66875,015,17
12,66925,129,02
12,66975,069,06
12,67163,095,10
12,67175,099,20
12,67192,061,08
12,67258,081,16
12,67266,053,11
12,67270,095,09
12,67270,095,10
12,67325,127,06
12,67355,027,17
12,67425,115,16
12,67450,115,16
12,67462,103,13
12,67550,086,27
12,67575,086,26
12,67650,099,21
12,67675,103,13
12,67725,009,08
12,67887,115,16
12,68100,115,17
12,68135,011,23
12,68275,005,02
12,68350,053,11
12,68365,113,01
12,68375,053,11
12,68435,041,02
12,68487,099,20
12,68525,007,03
12,68625,123,02
12,68800,087,26
12,68875,085,18
12,68950,017,11
12,69025,077,02
12,69250,057,16
12,69275,071,17
12,69555,086,23
12,69700,011,20
12,69700,011,23
12,69812,086,26
12,69812,086,27
12,70075,086,23
12,70345,086,25
12,70525,095,10
12,70600,073,02
12,70600,073,05
12,70675,011,20
12,70700,086,25
12,70700,086,26
12,71000,057,14
12,71075,095,10
12,71100,095,10
12,71150,103,12
12,71225,069,11
12,71250,087,26
12,71300,093,17
12,71400,057,15
12,71525,099,18
12,71564,099,18
12,71564,099,20
12,71567,086,26
12,71567,086,27
12,71569,086,26
12,71580,115,16
12,71625,083,11
12,71625,119,11
12,71725,057,15
12,71741,086,26
12,71741,086,27
12,71758,071,19
12,71800,071,19
12,71825,103,13
12,71842,113,01
12,71850,095,10
12,71867,053,11
12,71900,009,08
12,72145,057,14
12,72325,103,13
12,72350,041,02
12,72425,101,12
12,72442,101,12
12,72875,005,02
12,73025,069,06
12,73075,095,07
12,73163,057,14
12,73172,095,07
12,73287,086,26
12,73312,005,02
12,73675,091,01
12,73700,057,15
12,73725,115,16
12,73725,115,17
12,73900,115,17
12,73950,115,17
12,74125,133,02
12,74150,061,08
12,74200,061,08
12,74235,021,25
12,74368,009,08
12,74370,009,08
12,74498,109,04
12,74512,071,19
12,74562,021,25
12,74575,086,25
12,74625,061,08
12,74635,061,08
12,74700,065,02
12,74775,105,09
12,74775,105,17
12,74925,001,03
12,74975,113,01
12,75175,115,17
12,75200,033,01
12,75225,011,20
12,75275,099,21
12,75300,023,05
12,75375,049,17
12,75425,065,05
12,75450,133,02
12,75475,105,09
12,75600,119,11
12,75612,095,08
12,75625,053,11
12,75641,053,11
12,75725,117,07
12,75750,107,03
12,75812,099,21
12,75875,101,12
12,76050,081,16
12,76062,057,14
12,76075,086,26
12,76075,086,27
12,76087,127,06
12,76290,099,20
12,76481,103,13
12,76487,086,24
12,76500,009,08
12,76525,086,27
12,76582,011,23
12,76600,099,18
12,76600,099,20
12,76600,099,21
12,76658,011,24
12,76675,033,01
12,76700,086,26
12,76740,081,16
12,76937,061,08
12,76950,086,24
12,76975,059,01
12,77075,086,26
12,77075,086,27
12,77100,045,02
12,77137,071,19
12,77275,111,18
12,77400,047,05
12,77467,081,16
12,77470,113,01
12,77675,119,11
12,77735,095,10
12,77825,075,02
12,77837,075,02
12,77862,105,15
12,77862,105,17
12,78000,011,22
12,78025,057,16
12,78050,095,10
12,78110,061,08
12,78225,061,08
12,78250,095,10
12,78275,105,09
12,78300,095,07
12,78325,117,07
12,78340,053,11
12,78500,113,01
12,78700,073,02
12,78740,109,04
12,78775,125,03
12,78800,091,01
12,78900,069,11
12,78925,075,02
12,78975,097,09
12,79175,089,04
12,79200,095,10
12,79225,101,12
12,79231,101,12
12,79237,101,12
12,79243,101,12
12,79250,049,17
