ILLINOIS CONGRESSIONAL DISTRICTS BY PLACE
State,Place,County,CongressionalDistrict
17,00113,095,17
17,00178,109,18
17,00230,189,15
17,00243,043,05
17,00243,043,08
17,00295,141,16
17,00516,195,17
17,00555,027,15
17,00568,047,15
17,00646,131,17
17,00672,131,17
17,00672,187,17
17,00685,089,06
17,00685,111,06
17,00685,111,14
17,00737,119,15
17,00815,185,15
17,00867,139,15
17,00880,019,15
17,00880,183,15
17,00919,121,15
17,00958,163,12
17,00971,073,17
17,00997,171,18
17,01010,031,01
17,01010,031,03
17,01049,049,15
17,01114,119,12
17,01140,095,17
17,01205,181,12
17,01242,183,15
17,01270,103,16
17,01361,113,18
17,01426,161,17
17,01491,073,17
17,01543,181,12
17,01556,033,15
17,01569,011,16
17,01569,073,17
17,01595,097,14
17,01647,085,17
17,01673,085,17
17,01881,041,15
17,01946,017,18
17,01972,115,13
17,02102,011,16
17,02154,031,08
17,02154,031,09
17,02154,097,06
17,02154,097,10
17,02206,179,18
17,02258,091,02
17,02342,113,18
17,02414,041,15
17,02414,139,15
17,02479,075,16
17,02505,017,18
17,02531,189,15
17,02557,029,15
17,02583,103,16
17,02609,021,13
17,02635,057,17
17,02674,129,18
17,02726,073,17
17,02752,107,18
17,02882,041,15
17,02882,147,13
17,02921,167,18
17,02986,067,18
17,03012,043,11
17,03012,043,14
17,03012,089,11
17,03012,089,14
17,03012,093,11
17,03012,197,14
17,03103,077,12
17,03181,027,15
17,03207,057,17
17,03207,187,17
17,03454,157,12
17,03571,057,17
17,03610,097,10
17,03675,109,18
17,03844,031,06
17,03844,097,06
17,03883,031,06
17,03883,031,08
17,03883,089,06
17,03883,089,08
17,03883,097,06
17,03883,111,06
17,03948,149,18
17,04000,027,15
17,04013,031,06
17,04013,031,08
17,04013,043,06
17,04013,043,08
17,04013,089,06
17,04039,143,17
17,04039,143,18
17,04052,067,18
17,04078,043,14
17,04078,089,14
17,04117,013,13
17,04156,125,18
17,04247,149,18
17,04273,203,18
17,04303,097,10
17,04303,097,14
17,04351,017,18
17,04403,107,18
17,04507,075,16
17,04533,027,15
17,04572,031,03
17,04585,197,02
17,04598,049,15
17,04689,183,15
17,04715,087,15
17,04793,065,15
17,04806,081,12
17,04845,163,12
17,04871,143,17
17,04871,143,18
17,04897,113,18
17,04936,185,15
17,04975,031,04
17,04975,031,07
17,05092,007,16
17,05144,147,13
17,05209,117,13
17,05248,031,05
17,05248,043,05
17,05248,043,08
17,05261,203,18
17,05274,067,18
17,05300,055,12
17,05404,031,04
17,05404,031,07
17,05443,167,18
17,05573,031,03
17,05573,031,04
17,05573,031,07
17,05599,119,12
17,05599,119,13
17,05612,139,15
17,05898,071,17
17,05976,089,14
17,06028,051,15
17,06171,073,17
17,06184,183,15
17,06470,109,18
17,06587,043,08
17,06613,113,13
17,06613,113,18
17,06704,031,01
17,06756,115,13
17,06899,171,18
17,06964,081,12
17,07133,043,11
17,07133,197,11
17,07133,197,14
17,07211,019,13
17,07224,047,15
17,07237,091,02
17,07263,081,12
17,07315,115,13
17,07419,093,11
17,07419,093,14
17,07471,091,02
17,07510,067,18
17,07640,063,16
17,07640,197,16
17,07692,175,16
17,07744,091,02
17,07770,197,16
17,07913,027,15
17,08186,101,15
17,08225,031,03
17,08264,083,13
17,08264,117,13
17,08303,143,18
17,08420,019,15
17,08446,031,07
17,08472,107,18
17,08524,045,15
17,08576,031,03
17,08576,031,04
17,08576,031,07
17,08667,163,12
17,08706,127,15
17,08875,065,15
17,08953,169,18
17,08979,047,15
17,08992,051,15
17,09148,013,13
17,09161,057,17
17,09304,091,02
17,09317,075,16
17,09330,055,12
17,09356,011,16
17,09434,167,18
17,09447,031,08
17,09447,031,09
17,09447,097,10
17,09531,111,14
17,09538,021,13
17,09551,087,15
17,09577,117,13
17,09642,031,03
17,09681,011,16
17,09759,089,14
17,09798,031,02
17,09889,193,15
17,09980,031,03
17,09980,031,06
17,09980,031,11
17,09980,043,06
17,09980,043,11
17,10084,199,12
17,10110,109,18
17,10149,135,13
17,10240,141,16
17,10292,053,16
17,10292,091,02
17,10370,163,12
17,10383,003,12
17,10422,007,16
17,10448,159,15
17,10487,031,02
17,10513,031,01
17,10591,041,15
17,10630,199,12
17,10643,073,17
17,10695,169,18
17,10773,077,12
17,10877,001,18
17,10906,089,06
17,10906,089,14
17,10916,105,16
17,11007,057,17
17,11033,167,18
17,11124,007,16
17,11150,161,17
17,11163,077,12
17,11163,199,12
17,11176,063,16
17,11202,117,13
17,11215,113,18
17,11228,027,15
17,11293,193,15
17,11332,043,06
17,11332,043,08
17,11358,089,06
17,11358,089,08
17,11397,165,15
17,11462,061,13
17,11514,199,12
17,11527,067,18
17,11592,111,06
17,11618,023,15
17,11618,035,15
17,11644,163,12
17,11774,183,15
17,11826,069,15
17,11982,099,16
17,12008,177,17
17,12151,121,15
17,12164,027,15
17,12164,081,12
17,12164,121,15
17,12164,189,15
17,12203,163,12
17,12268,147,13
17,12294,015,17
17,12385,019,13
17,12450,017,18
17,12476,063,16
17,12476,197,11
17,12476,197,14
17,12476,197,16
17,12489,097,14
17,12528,137,18
17,12567,029,15
17,12684,167,18
17,12710,105,16
17,12801,075,16
17,12801,091,02
17,12879,111,14
17,12931,113,18
17,12970,011,16
17,13074,007,16
17,13074,201,16
17,13139,157,12
17,13165,117,13
17,13230,107,18
17,14000,031,01
17,14000,031,02
17,14000,031,03
17,14000,031,04
17,14000,031,05
17,14000,031,07
17,14000,031,09
17,14000,043,08
17,14026,031,02
17,14065,031,03
17,14117,143,18
17,14273,045,15
17,14286,055,12
17,14351,031,03
17,14351,031,04
17,14442,147,13
17,14455,191,15
17,14468,075,16
17,14533,159,15
17,14572,043,06
17,14715,025,15
17,14767,001,18
17,14845,167,18
17,14923,073,17
17,14936,075,16
17,15001,039,13
17,15170,063,16
17,15170,197,16
17,15209,135,13
17,15235,073,17
17,15235,161,17
17,15261,001,18
17,15300,181,12
17,15352,135,13
17,15378,109,18
17,15469,195,17
17,15495,113,18
17,15599,119,12
17,15599,119,13
17,15599,119,15
17,15599,163,12
17,15664,073,17
17,15807,199,12
17,15833,133,12
17,15833,163,12
17,15846,001,18
17,15950,195,17
17,15989,103,16
17,16054,137,18
17,16119,203,18
17,16210,113,18
17,16366,161,17
17,16405,105,16
17,16431,107,18
17,16470,037,14
17,16613,157,12
17,16691,031,01
17,16691,031,02
17,16873,031,03
17,17055,173,15
17,17077,161,17
17,17094,199,12
17,17185,199,12
17,17289,199,12
17,17406,075,16
17,17458,197,03
17,17458,197,11
17,17471,141,16
17,17497,031,01
17,17523,031,02
17,17523,197,02
17,17549,179,17
17,17549,179,18
17,17783,193,15
17,17887,111,06
17,17887,111,14
17,17939,197,11
17,17991,057,17
17,18030,105,16
17,18147,167,18
17,18225,145,12
17,18251,087,15
17,18303,065,15
17,18342,177,17
17,18420,067,18
17,18420,071,17
17,18446,139,15
17,18459,011,16
17,18459,099,16
17,18472,027,15
17,18485,099,16
17,18498,075,16
17,18537,113,18
17,18563,183,15
17,18628,043,03
17,18628,043,06
17,18628,043,11
17,18641,163,12
17,18706,177,17
17,18719,141,16
17,18745,167,18
17,18771,099,16
17,18823,115,13
17,18940,179,18
17,18940,203,18
17,18992,031,10
17,18992,097,10
17,19031,195,17
17,19083,031,06
17,19083,097,06
17,19161,037,14
17,19161,037,16
17,19200,147,13
17,19226,179,18
17,19499,011,16
17,19616,077,12
17,19642,031,05
17,19642,031,08
17,19642,031,09
17,19642,031,10
17,19681,149,18
17,19798,039,13
17,19837,063,16
17,19837,197,16
17,19915,049,15
17,20045,167,18
17,20123,081,12
17,20149,031,01
17,20149,031,02
17,20162,103,16
17,20292,031,02
17,20305,181,12
17,20318,005,13
17,20318,135,13
17,20331,075,16
17,20370,117,13
17,20526,011,16
17,20565,077,12
17,20591,043,06
17,20591,043,11
17,20643,113,18
17,20890,189,15
17,21098,057,17
17,21176,143,18
17,21254,163,12
17,21267,145,12
17,21280,201,16
17,21358,063,16
17,21358,105,16
17,21410,117,13
17,21540,099,16
17,21553,119,12
17,21579,063,16
17,21605,003,12
17,21618,163,12
17,21683,085,17
17,21696,031,06
17,21696,031,08
17,21696,089,06
17,21696,089,08
17,21826,095,17
17,21852,117,13
17,21904,031,02
17,22073,161,17
17,22151,125,18
17,22164,179,17
17,22164,179,18
17,22255,163,12
17,22398,151,15
17,22567,049,15
17,22645,021,13
17,22697,119,12
17,22697,119,13
17,22697,119,15
17,22736,049,15
17,22931,089,14
17,22957,149,18
17,23009,165,15
17,23022,061,13
17,23074,031,06
17,23074,031,08
17,23074,089,06
17,23074,089,08
17,23074,089,14
17,23165,085,17
17,23191,069,15
17,23256,031,08
17,23256,043,08
17,23269,107,18
17,23373,077,12
17,23425,053,15
17,23503,157,12
17,23529,057,17
17,23555,113,18
17,23620,031,04
17,23620,043,05
17,23620,043,08
17,23698,143,18
17,23724,031,04
17,23724,031,05
17,23737,113,18
17,23737,203,18
17,23776,083,13
17,23841,067,18
17,23945,197,01
17,23945,197,11
17,23945,197,16
17,23971,107,18
17,24062,105,16
17,24166,199,12
17,24179,193,15
17,24348,059,15
17,24374,195,17
17,24452,091,02
17,24543,203,18
17,24582,031,09
17,24608,157,12
17,24634,031,01
17,24673,055,12
17,24699,171,18
17,24764,105,16
17,24816,191,15
17,24920,197,03
17,24933,119,12
17,24933,163,12
17,24985,183,15
17,25063,057,17
17,25141,163,12
17,25375,051,15
17,25375,121,15
17,25414,039,13
17,25440,135,13
17,25531,057,17
17,25531,143,18
17,25713,163,12
17,25895,067,18
17,25960,083,13
17,26012,083,13
17,26077,135,13
17,26116,173,15
17,26194,019,15
17,26233,183,15
17,26311,105,16
17,26350,033,15
17,26454,025,15
17,26467,163,12
17,26480,149,18
17,26571,031,02
17,26662,019,15
17,26710,031,02
17,26753,125,18
17,26896,097,06
17,26935,031,07
17,26987,031,03
17,27026,105,16
17,27065,141,16
17,27091,115,13
17,27442,097,10
17,27442,097,14
17,27442,111,14
17,27455,097,10
17,27455,097,14
17,27533,097,06
17,27533,111,06
17,27624,031,02
17,27624,197,01
17,27624,197,02
17,27644,197,01
17,27663,137,18
17,27689,103,16
17,27702,031,05
17,27806,163,12
17,27858,055,12
17,27858,199,12
17,27884,177,17
17,28144,195,17
17,28170,133,12
17,28248,097,10
17,28261,165,15
17,28300,085,17
17,28326,095,17
17,28430,073,17
17,28612,007,16
17,28638,063,16
17,28742,041,15
17,28807,139,15
17,28846,073,17
17,28872,089,14
17,28898,037,16
17,28950,109,18
17,28963,183,15
17,29041,027,15
17,29080,203,18
17,29093,177,17
17,29125,053,16
17,29145,019,15
17,29171,089,06
17,29236,117,13
17,29275,075,16
17,29340,095,17
17,29392,117,13
17,29431,071,17
17,29483,143,17
17,29496,171,18
17,29639,119,13
17,29639,119,15
17,29652,031,09
17,29652,031,10
17,29730,043,06
17,29730,043,08
17,29756,043,06
17,29756,043,08
17,29938,031,09
17,29938,031,10
17,30029,031,02
17,30094,119,12
17,30094,119,13
17,30120,063,16
17,30120,197,16
17,30133,151,15
17,30159,001,18
17,30250,191,15
17,30328,031,09
17,30445,179,18
17,30445,203,18
17,30458,109,18
17,30510,125,18
17,30575,087,15
17,30588,077,12
17,30653,083,13
17,30705,141,16
17,30757,099,16
17,30770,077,12
17,30835,167,13
17,30835,167,18
17,30900,097,10
17,30900,097,14
17,30926,119,12
17,30978,119,15
17,30991,091,02
17,31017,155,16
17,31121,097,10
17,31165,047,15
17,31165,193,15
17,31368,061,13
17,31446,097,10
17,31524,035,15
17,31563,179,18
17,31576,129,18
17,31589,005,15
17,31667,111,14
17,31732,113,18
17,31771,149,18
17,31992,071,17
17,32018,097,10
17,32018,097,14
17,32200,097,10
17,32395,013,13
17,32408,119,15
17,32434,067,18
17,32499,147,13
17,32525,089,14
17,32564,161,17
17,32616,055,12
17,32668,143,18
17,32707,085,17
17,32746,031,08
17,32746,043,06
17,32746,043,08
17,32850,013,13
17,32967,103,16
17,33136,165,15
17,33162,077,12
17,33227,115,13
17,33279,119,12
17,33318,107,18
17,33331,111,14
17,33357,021,13
17,33357,135,13
17,33383,031,01
17,33383,031,02
17,33435,031,05
17,33513,125,18
17,33630,097,06
17,33630,097,14
17,33695,031,02
17,33851,111,14
17,33877,133,12
17,33877,163,12
17,34007,095,17
17,34098,155,16
17,34137,183,15
17,34163,123,18
17,34272,179,18
17,34332,173,15
17,34358,199,12
17,34384,091,02
17,34423,117,13
17,34449,113,13
17,34449,113,18
17,34514,031,03
17,34553,079,15
17,34670,119,15
17,34722,097,10
17,34865,097,10
17,34982,141,16
17,35047,135,13
17,35073,161,17
17,35086,031,04
17,35086,031,05
17,35086,031,07
17,35203,061,13
17,35268,037,14
17,35281,041,15
17,35307,031,03
17,35307,031,05
17,35307,031,06
17,35307,031,11
17,35307,043,05
17,35307,043,06
17,35385,031,03
17,35398,027,15
17,35411,031,06
17,35411,031,08
17,35411,089,08
17,35515,111,14
17,35541,119,13
17,35671,011,16
17,35814,019,15
17,35835,197,01
17,35835,197,03
17,35866,031,03
17,35879,031,02
17,36061,183,15
17,36074,073,17
17,36126,179,18
17,36150,123,18
17,36190,091,02
17,36347,189,15
17,36438,113,18
17,36477,027,15
17,36516,149,18
17,36542,029,15
17,36568,045,15
17,36750,089,14
17,36750,111,14
17,36815,199,12
17,36841,033,15
17,37127,167,18
17,37179,081,12
17,37218,097,10
17,37257,031,03
17,37257,031,11
17,37348,183,15
17,37439,109,18
17,37465,197,11
17,37608,031,06
17,37621,025,15
17,37647,057,17
17,37712,075,16
17,37738,135,13
17,37777,189,15
17,37803,091,02
17,37894,097,14
17,37894,111,14
17,37907,043,08
17,37933,121,15
17,37998,019,13
17,37998,147,13
17,38115,137,18
17,38323,191,15
17,38349,021,13
17,38375,167,13
17,38375,167,18
17,38414,083,13
17,38427,035,15
17,38479,111,14
17,38531,191,15
17,38544,199,12
17,38570,093,11
17,38570,093,14
17,38570,197,01
17,38570,197,03
17,38570,197,11
17,38570,197,16
17,38635,181,12
17,38674,127,15
17,38739,131,17
17,38778,059,15
17,38791,121,15
17,38830,031,03
17,38856,013,13
17,38869,061,13
17,38895,089,14
17,38921,099,16
17,38934,091,02
17,38986,045,15
17,39038,203,18
17,39077,153,12
17,39129,157,12
17,39233,191,15
17,39259,185,15
17,39298,131,17
17,39324,121,15
17,39441,053,16
17,39519,031,09
17,39532,039,13
17,39727,073,17
17,39753,005,15
17,39753,027,15
17,39857,125,18
17,39883,097,06
17,39909,021,13
17,39922,149,18
17,40065,037,16
17,40091,143,17
17,40117,121,15
17,40143,063,16
17,40156,037,16
17,40182,187,17
17,40364,097,10
17,40416,095,17
17,40559,123,18
17,40598,011,16
17,40676,175,18
17,40767,031,03
17,40793,031,04
17,40793,031,05
17,40793,031,07
17,40832,067,18
17,40884,097,06
17,40884,097,14
17,40910,097,10
17,40962,143,18
17,40988,097,14
17,41105,097,10
17,41157,099,16
17,41183,111,06
17,41183,111,14
17,41214,117,13
17,41326,097,10
17,41326,097,14
17,41326,111,14
17,41346,019,15
17,41404,129,18
17,41456,177,17
17,41456,201,16
17,41586,097,10
17,41586,097,14
17,41651,111,06
17,41651,111,14
17,41716,197,16
17,41742,097,06
17,41794,011,16
17,41859,015,17
17,42002,021,13
17,42028,031,02
17,42067,147,13
17,42080,001,18
17,42171,123,18
17,42184,099,16
17,42249,107,18
17,42405,101,15
17,42457,141,16
17,42496,163,12
17,42587,037,16
17,42587,103,16
17,42756,099,16
17,42769,167,13
17,42769,167,18
17,42795,031,03
17,42795,043,03
17,42795,043,11
17,42795,197,03
17,42795,197,11
17,42834,177,17
17,42860,163,12
17,42912,099,16
17,42938,029,15
17,42971,113,18
17,43055,057,17
17,43094,113,18
17,43133,001,18
17,43250,097,10
17,43406,089,14
17,43445,001,18
17,43510,091,02
17,43536,107,18
17,43666,097,10
17,43744,031,09
17,43770,097,10
17,43770,097,14
17,43900,093,14
17,43939,043,06
17,43939,043,11
17,43965,135,13
17,44056,169,18
17,44082,187,17
17,44121,057,17
17,44160,119,13
17,44173,167,18
17,44225,197,03
17,44264,075,16
17,44381,071,17
17,44407,043,06
17,44407,043,08
17,44446,057,17
17,44446,095,17
17,44498,115,13
17,44524,097,06
17,44524,097,10
17,44550,097,10
17,44576,105,16
17,44602,019,15
17,44719,001,18
17,44823,099,16
17,44836,141,16
17,44927,025,15
17,45031,007,16
17,45031,201,16
17,45044,139,15
17,45174,019,15
17,45278,195,17
17,45369,137,18
17,45421,031,02
17,45434,031,03
17,45434,031,04
17,45525,003,12
17,45564,031,03
17,45616,111,14
17,45642,055,12
17,45642,065,15
17,45694,111,14
17,45726,201,16
17,45785,179,18
17,45811,113,18
17,45824,065,15
17,45850,155,16
17,45889,109,18
17,45941,115,13
17,45993,119,12
17,45993,163,12
17,46058,133,12
17,46110,155,16
17,46136,019,15
17,46214,077,12
17,46240,011,16
17,46279,037,16
17,46331,171,18
17,46357,197,01
17,46383,125,18
17,46422,011,16
17,46487,147,13
17,46500,091,02
17,46604,037,14
17,46604,089,14
17,46643,143,17
17,46695,095,17
17,46786,111,14
17,46825,057,17
17,46864,119,15
17,46916,087,15
17,46916,199,12
17,46955,163,12
17,46981,155,16
17,47007,031,01
17,47007,031,02
17,47072,115,13
17,47111,179,17
17,47150,099,16
17,47163,023,15
17,47254,023,15
17,47280,075,16
17,47397,119,13
17,47397,119,15
17,47423,163,12
17,47449,049,15
17,47475,125,18
17,47527,131,17
17,47540,031,01
17,47540,031,02
17,47540,197,01
17,47553,029,15
17,47592,193,15
17,47774,031,07
17,47787,063,16
17,48021,167,18
17,48073,071,17
17,48138,083,13
17,48138,117,13
17,48242,031,04
17,48242,031,05
17,48268,053,16
17,48307,001,18
17,48333,099,16
17,48359,085,17
17,48424,137,18
17,48554,031,01
17,48554,031,03
17,48606,203,18
17,48632,045,15
17,48645,127,15
17,48671,097,10
17,48853,107,18
17,48892,031,01
17,49009,161,17
17,49048,075,16
17,49100,093,14
17,49178,181,12
17,49191,015,17
17,49308,093,14
17,49308,099,16
17,49347,191,15
17,49347,193,15
17,49386,163,12
17,49477,149,18
17,49516,011,16
17,49555,179,18
17,49568,203,18
17,49607,063,16
17,49607,093,14
17,49607,197,16
17,49698,119,12
17,49802,117,13
17,49854,197,01
17,49867,161,17
17,49893,091,02
17,49945,197,02
17,50010,187,17
17,50062,141,16
17,50218,089,11
17,50218,089,14
17,50218,093,11
17,50218,093,14
17,50244,147,13
17,50283,035,15
17,50283,049,15
17,50491,063,16
17,50530,195,17
17,50543,021,13
17,50621,179,18
17,50647,031,09
17,50647,031,10
17,50751,153,12
17,50777,153,12
17,50790,009,18
17,50829,021,13
17,50868,185,15
17,50881,015,17
17,50920,117,13
17,50933,191,15
17,50998,141,16
17,51024,117,13
17,51089,031,08
17,51089,031,09
17,51089,031,10
17,51128,107,18
17,51154,009,18
17,51180,081,12
17,51206,115,13
17,51232,021,13
17,51232,173,15
17,51271,165,15
17,51284,005,13
17,51310,055,12
17,51336,183,15
17,51349,097,10
17,51349,097,14
17,51453,077,12
17,51479,137,18
17,51622,043,06
17,51622,043,11
17,51622,197,11
17,51622,197,14
17,51648,099,16
17,51661,171,18
17,51700,189,15
17,51726,081,12
17,51791,067,18
17,51882,149,18
17,51947,103,16
17,51986,035,15
17,51999,011,16
17,52103,093,14
17,52116,163,12
17,52142,027,15
17,52142,163,12
17,52155,011,16
17,52168,167,18
17,52220,131,17
17,52285,087,15
17,52311,149,18
17,52415,119,13
17,52467,153,12
17,52506,059,15
17,52506,193,15
17,52545,107,18
17,52584,197,01
17,52584,197,03
17,52584,197,11
17,52623,041,15
17,52701,201,16
17,52714,189,15
17,52805,149,18
17,52844,079,15
17,52961,115,13
17,53000,031,05
17,53000,031,09
17,53000,031,10
17,53039,117,13
17,53143,159,15
17,53169,135,13
17,53195,085,17
17,53234,113,13
17,53234,113,18
17,53377,031,05
17,53390,057,17
17,53403,193,15
17,53442,089,11
17,53442,089,14
17,53455,097,06
17,53455,097,14
17,53481,031,09
17,53481,031,10
17,53559,097,10
17,53585,055,12
17,53663,031,09
17,53793,131,17
17,53871,031,04
17,53871,031,05
17,54092,179,17
17,54144,031,04
17,54144,031,07
17,54222,099,16
17,54404,143,18
17,54534,031,04
17,54534,031,05
17,54534,043,05
17,54534,043,06
17,54534,043,08
17,54560,043,05
17,54560,043,06
17,54560,043,08
17,54586,189,15
17,54625,129,18
17,54638,031,01
17,54638,031,02
17,54703,161,17
17,54781,029,15
17,54820,031,01
17,54820,031,03
17,54885,031,04
17,54885,031,07
17,54924,095,17
17,55002,183,15
17,55041,111,06
17,55041,111,14
17,55106,033,15
17,55132,173,15
17,55171,105,16
17,55210,121,15
17,55249,163,12
17,55275,019,15
17,55353,099,16
17,55379,011,16
17,55418,135,13
17,55470,189,15
17,55639,097,14
17,55717,005,15
17,55756,059,15
17,55847,003,12
17,55886,183,15
17,55899,153,12
17,55912,159,15
17,55938,031,02
17,56003,059,15
17,56081,075,16
17,56159,095,17
17,56198,081,12
17,56237,071,17
17,56341,177,17
17,56471,115,13
17,56484,141,16
17,56536,055,12
17,56601,073,17
17,56627,031,01
17,56627,031,03
17,56640,031,01
17,56640,031,03
17,56640,197,01
17,56887,093,11
17,56887,093,14
17,56926,099,16
17,56978,083,13
17,57043,021,13
17,57160,163,12
17,57225,031,06
17,57225,031,08
17,57225,031,09
17,57225,097,06
17,57277,033,15
17,57303,021,13
17,57329,117,13
17,57381,031,01
17,57381,031,03
17,57394,031,03
17,57407,031,03
17,57472,021,13
17,57472,173,15
17,57498,005,13
17,57498,135,13
17,57524,203,18
17,57576,075,16
17,57628,045,15
17,57654,097,10
17,57693,159,15
17,57732,031,02
17,57732,197,02
17,57875,031,09
17,57875,031,10
17,58057,121,15
17,58174,167,18
17,58226,103,16
17,58239,053,15
17,58265,001,18
17,58343,149,18
17,58369,177,17
17,58408,201,16
17,58408,201,17
17,58447,143,17
17,58447,179,17
17,58447,179,18
17,58577,019,15
17,59000,143,17
17,59000,143,18
17,59026,143,18
17,59026,179,18
17,59026,203,18
17,59052,197,02
17,59104,157,12
17,59156,149,18
17,59234,099,16
17,59273,019,15
17,59312,129,18
17,59520,193,15
17,59533,019,13
17,59572,031,02
17,59709,005,15
17,59709,119,15
17,59884,145,12
17,59988,089,14
17,60079,053,16
17,60144,111,14
17,60209,199,12
17,60222,149,18
17,60287,093,11
17,60287,093,14
17,60287,197,11
17,60287,197,14
17,60339,001,18
17,60352,093,14
17,60391,093,14
17,60534,149,18
17,60599,167,18
17,60833,067,18
17,60833,109,18
17,60872,005,15
17,60937,141,16
17,61015,105,16
17,61067,119,12
17,61067,119,13
17,61080,067,18
17,61145,007,16
17,61216,097,06
17,61216,097,14
17,61216,111,06
17,61216,111,14
17,61223,161,17
17,61314,031,01
17,61366,183,15
17,61548,109,18
17,61639,157,12
17,61678,111,14
17,61821,089,14
17,61860,197,11
17,61899,011,16
17,61925,143,18
17,61977,195,17
17,62016,031,09
17,62016,031,10
17,62211,153,12
17,62367,001,18
17,62523,189,15
17,62588,165,15
17,62627,051,15
17,62744,183,15
17,62757,099,16
17,62783,019,15
17,62822,161,17
17,62848,071,17
17,62965,135,13
17,63043,157,12
17,63056,091,02
17,63056,105,16
17,63069,045,15
17,63355,163,12
17,63420,131,17
17,63420,161,17
17,63641,111,14
17,63706,031,02
17,63719,189,15
17,63862,183,15
17,64018,059,15
17,64044,177,17
17,64135,111,14
17,64148,095,17
17,64174,009,18
17,64278,031,01
17,64278,031,02
17,64304,031,04
17,64304,031,07
17,64343,031,04
17,64343,031,05
17,64421,031,03
17,64421,031,04
17,64486,167,18
17,64538,097,10
17,64590,203,18
17,64616,031,01
17,64655,053,16
17,64707,033,15
17,64746,103,16
17,64746,141,16
17,64759,167,13
17,64759,167,18
17,64811,061,13
17,64837,177,17
17,64902,197,11
17,64928,195,17
17,65000,201,16
17,65000,201,17
17,65078,161,17
17,65104,161,17
17,65156,201,16
17,65221,157,12
17,65338,031,06
17,65338,031,08
17,65338,031,09
17,65403,143,18
17,65442,197,03
17,65442,197,11
17,65442,197,14
17,65481,061,13
17,65611,201,16
17,65754,079,15
17,65806,031,08
17,65806,043,08
17,65819,031,05
17,65845,187,17
17,65884,119,12
17,65897,069,15
17,65962,183,15
17,66027,097,10
17,66040,097,10
17,66053,097,10
17,66066,097,10
17,66131,119,12
17,66131,119,13
17,66157,019,15
17,66196,117,13
17,66209,055,12
17,66287,157,12
17,66339,169,18
17,66404,101,15
17,66443,099,16
17,66534,019,13
17,66599,025,15
17,66638,091,02
17,66677,095,17
17,66703,043,06
17,66703,089,06
17,66703,089,14
17,66768,057,17
17,66794,051,15
17,66800,079,15
17,66833,101,15
17,66859,119,15
17,66924,145,12
17,66950,019,15
17,66989,163,12
17,67132,051,15
17,67236,121,15
17,67372,091,02
17,67444,121,15
17,67548,037,14
17,67548,093,14
17,67613,107,18
17,67613,125,18
17,67756,163,12
17,67769,031,02
17,67769,197,02
17,67795,105,16
17,67821,015,17
17,67860,019,13
17,67873,117,13
17,67912,113,18
17,67925,085,17
17,68003,031,06
17,68003,031,08
17,68003,043,08
17,68081,031,05
17,68120,135,13
17,68198,109,18
17,68328,163,12
17,68406,117,13
17,68458,131,17
17,68471,011,16
17,68510,203,18
17,68640,063,16
17,68640,099,16
17,68705,055,12
17,68809,019,13
17,68822,037,16
17,68991,015,17
17,69082,059,15
17,69147,011,16
17,69186,173,15
17,69212,075,16
17,69277,099,16
17,69342,167,18
17,69368,131,17
17,69524,163,12
17,69563,117,13
17,69758,197,11
17,69758,197,14
17,69797,049,15
17,69810,053,16
17,69836,183,15
17,69875,019,15
17,69914,173,15
17,69979,161,17
17,70005,087,15
17,70031,191,15
17,70122,031,09
17,70161,089,06
17,70213,005,15
17,70226,057,17
17,70252,163,12
17,70460,037,14
17,70460,099,16
17,70525,005,13
17,70564,031,06
17,70564,031,08
17,70590,201,16
17,70629,031,02
17,70720,089,06
17,70720,089,08
17,70759,167,13
17,70850,031,02
17,70889,137,18
17,71175,179,17
17,71240,119,12
17,71370,063,16
17,71422,123,18
17,71448,157,12
17,71474,167,18
17,71526,199,12
17,71604,203,18
17,71643,193,15
17,72000,167,13
17,72000,167,18
17,72052,111,14
17,72156,011,16
17,72221,155,16
17,72234,117,13
17,72260,113,18
17,72403,117,13
17,72468,157,12
17,72520,031,02
17,72520,197,02
17,72546,195,17
17,72624,103,16
17,72650,173,15
17,72676,031,03
17,72702,141,16
17,72780,085,17
17,72884,165,15
17,72884,199,12
17,72923,031,04
17,72949,021,13
17,73027,033,15
17,73040,173,15
17,73131,105,16
17,73157,031,06
17,73157,031,08
17,73170,099,16
17,73170,105,16
17,73261,071,17
17,73287,103,16
17,73391,089,14
17,73495,139,15
17,73547,163,12
17,73638,031,03
17,73703,101,15
17,73943,091,02
17,74119,163,12
17,74223,037,14
17,74223,037,16
17,74275,197,16
17,74301,057,17
17,74379,129,18
17,74444,145,12
17,74457,003,12
17,74470,195,17
17,74561,135,13
17,74574,021,13
17,74665,109,18
17,74743,049,15
17,74847,075,16
17,74860,167,18
17,74873,003,12
17,74970,085,17
17,75081,097,10
17,75107,019,15
17,75159,055,12
17,75172,015,17
17,75185,031,02
17,75263,157,12
17,75276,183,15
17,75360,007,16
17,75419,149,18
17,75484,031,01
17,75484,031,02
17,75484,031,03
17,75484,197,01
17,75549,011,16
17,75601,035,15
17,75614,019,13
17,75653,123,18
17,75718,099,16
17,75757,125,18
17,75783,175,18
17,75809,021,13
17,75822,113,18
17,75848,173,15
17,75874,097,06
17,75965,179,18
17,75991,027,15
17,76160,111,06
17,76199,119,15
17,76225,099,16
17,76407,041,15
17,76511,113,13
17,76511,113,18
17,76615,153,12
17,76706,111,14
17,76771,091,02
17,76935,031,02
17,76935,197,02
17,77005,019,13
17,77005,019,15
17,77044,001,18
17,77148,055,12
17,77187,149,18
17,77265,133,12
17,77317,051,15
17,77395,123,18
17,77408,189,15
17,77460,097,10
17,77473,119,12
17,77525,077,12
17,77551,045,15
17,77642,057,17
17,77681,121,15
17,77694,097,10
17,77707,063,16
17,77720,009,18
17,77811,095,17
17,77863,087,15
17,77941,041,15
17,77993,043,05
17,77993,043,08
17,78123,131,17
17,78149,117,13
17,78149,167,18
17,78175,089,14
17,78201,017,18
17,78227,097,10
17,78227,097,14
17,78370,097,10
17,78370,097,14
17,78383,135,13
17,78526,011,16
17,78604,121,15
17,78656,135,13
17,78708,081,12
17,78721,027,15
17,78721,121,15
17,78721,189,15
17,78773,039,13
17,78851,085,17
17,78916,115,13
17,78929,043,06
17,78929,043,11
17,78929,043,14
17,78942,067,18
17,79007,123,18
17,79007,203,18
17,79033,179,18
17,79085,163,12
17,79124,095,17
17,79150,133,12
17,79163,037,16
17,79228,075,16
17,79241,049,15
17,79267,097,14
17,79293,097,10
17,79293,097,14
17,79358,137,18
17,79397,043,06
17,79397,089,06
17,79436,191,15
17,79449,039,13
17,79683,039,13
17,79735,075,16
17,79813,099,16
17,79813,123,18
17,79826,135,13
17,80008,103,16
17,80047,031,04
17,80047,031,05
17,80047,031,07
17,80060,043,06
17,80060,043,14
17,80073,055,12
17,80125,089,06
17,80242,031,03
17,80242,031,05
17,80255,173,15
17,80281,023,15
17,80333,055,12
17,80645,043,05
17,80645,043,06
17,80736,143,17
17,80762,067,18
17,80853,047,15
17,80879,023,15
17,80931,183,15
17,80957,033,15
17,81048,043,06
17,81048,043,08
17,81074,079,15
17,81087,031,08
17,81087,031,09
17,81087,031,10
17,81087,097,10
17,81165,199,12
17,81191,117,13
17,81256,061,13
17,81295,147,13
17,81802,095,17
17,81815,119,13
17,81854,167,18
17,81867,145,12
17,81919,043,06
17,81919,043,11
17,81938,197,02
17,82010,079,15
17,82049,031,03
17,82049,031,11
17,82049,043,11
17,82075,031,09
17,82088,061,13
17,82101,197,16
17,82218,117,13
17,82270,171,18
17,82309,131,17
17,82322,173,15
17,82400,043,06
17,82491,201,17
17,82530,031,09
17,82530,031,10
17,82543,177,17
17,82686,097,10
17,82725,135,13
17,82855,111,14
17,82985,043,05
17,82985,043,08
17,83063,073,17
17,83102,075,16
17,83206,081,12
17,83245,031,03
17,83245,043,03
17,83245,043,11
17,83245,197,11
17,83271,119,12
17,83271,119,13
17,83336,137,18
17,83349,111,14
17,83505,119,13
17,83518,031,01
17,83518,031,03
17,83622,011,16
17,83687,175,18
17,83739,025,15
17,83765,079,15
17,83817,095,17
17,84038,093,14
17,84155,055,12
17,84220,097,10
