INDIANA CONGRESSIONAL DISTRICTS BY PLACE
State,Place,County,CongressionalDistrict
18,00140,127,01
18,00640,011,04
18,00748,049,02
18,00784,107,04
18,00802,035,06
18,00802,135,06
18,00820,113,03
18,00910,095,05
18,00964,027,08
18,01270,025,08
18,01288,033,03
18,01342,007,04
18,01360,103,02
18,01396,157,04
18,01450,063,04
18,01468,095,05
18,01612,069,03
18,01666,151,03
18,01954,057,05
18,02044,099,02
18,02116,139,06
18,02458,033,03
18,02458,151,03
18,02602,057,05
18,02620,045,04
18,02674,033,03
18,02782,029,06
18,02800,143,06
18,02872,113,03
18,02890,093,09
18,02908,063,04
18,03142,133,04
18,03394,081,09
18,03610,149,02
18,03664,047,06
18,03664,137,06
18,03718,157,04
18,04114,093,09
18,04204,097,07
18,04888,001,03
18,04978,109,09
18,05158,127,01
18,05176,083,08
18,05374,037,08
18,05662,165,08
18,05716,055,08
18,05788,121,08
18,05860,105,09
18,05896,065,06
18,06220,179,03
18,06616,173,08
18,06634,019,09
18,06652,177,06
18,06706,007,04
18,06760,099,02
18,07174,021,08
18,07318,099,02
18,07624,029,06
18,07750,039,02
18,07966,111,04
18,08038,109,09
18,08092,077,06
18,08146,181,04
18,08182,047,06
18,08416,063,04
18,08470,071,09
18,08578,083,08
18,08704,075,03
18,08812,157,04
18,08992,181,04
18,09136,103,02
18,09226,085,02
18,09244,015,04
18,09316,181,04
18,09352,101,08
18,09370,127,01
18,09532,033,03
18,09622,079,06
18,09712,065,06
18,09874,177,06
18,09910,015,04
18,10000,175,09
18,10036,077,06
18,10090,027,08
18,10108,123,08
18,10198,021,08
18,10270,153,08
18,10342,057,05
18,10612,139,06
18,10954,165,08
18,11044,047,06
18,11062,089,01
18,11746,021,08
18,11836,177,06
18,11944,181,04
18,12034,173,08
18,12124,019,09
18,12376,035,06
18,12376,095,05
18,12412,127,01
18,12574,147,08
18,12610,183,03
18,12628,057,05
18,12880,031,06
18,12898,157,04
18,12934,019,09
18,13276,021,08
18,13312,085,02
18,13366,063,04
18,13438,151,03
18,13492,097,05
18,13492,097,07
18,13582,005,06
18,13780,165,08
18,13852,133,04
18,14032,021,08
18,14050,063,04
18,14176,157,04
18,14284,023,04
18,14464,073,04
18,14716,183,03
18,14734,005,06
18,14932,041,06
18,14986,053,05
18,14986,103,02
18,15115,013,09
18,15220,033,03
18,15256,061,09
18,15364,095,05
18,15409,079,06
18,15490,045,04
18,15634,061,09
18,15652,101,08
18,15742,107,04
18,15994,113,03
18,16084,071,09
18,16138,089,01
18,16156,097,05
18,16300,099,02
18,16336,059,06
18,16336,097,07
18,16534,129,08
18,16624,147,08
18,16642,035,06
18,16732,165,08
18,16804,063,04
18,16840,107,04
18,16858,163,08
18,17002,157,04
18,17074,001,03
18,17110,083,08
18,17614,015,04
18,17722,073,04
18,17776,103,02
18,17812,077,06
18,18190,029,06
18,18550,101,08
18,18658,167,08
18,18766,177,06
18,18784,037,08
18,18892,153,08
18,18982,127,01
18,19054,009,05
18,19054,075,03
18,19072,039,02
18,19162,065,06
18,19180,077,06
18,19270,089,01
18,19450,007,04
18,19486,089,01
18,19576,155,06
18,19756,177,06
18,20080,035,06
18,20152,177,06
18,20332,095,05
18,20404,005,06
18,20404,081,09
18,20404,145,06
18,20458,083,08
18,20638,173,08
18,20674,061,09
18,20692,005,06
18,20728,039,02
18,20800,105,09
18,20998,027,08
18,21070,095,05
18,21070,159,05
18,21124,083,08
18,21214,025,09
18,21502,085,02
18,22000,163,08
18,22396,145,06
18,22432,053,05
18,22576,165,08
18,22738,153,08
18,22792,135,06
18,22990,037,08
18,23188,133,04
18,23278,057,05
18,23386,091,02
18,23692,015,04
18,23728,155,06
18,23854,167,08
18,24250,051,08
18,24286,057,05
18,24286,059,06
18,25000,003,03
18,25090,177,06
18,25180,007,04
18,25198,053,05
18,25288,131,02
18,25306,051,08
18,25324,023,04
18,25450,081,09
18,25702,095,05
18,25720,175,09
18,25810,083,08
18,25864,071,09
18,25882,151,03
18,25972,117,09
18,26152,049,02
18,26206,043,09
18,26242,017,04
18,26386,033,03
18,27000,089,01
18,27054,053,05
18,27072,035,06
18,27216,001,03
18,27270,147,08
18,27324,043,09
18,28062,041,06
18,28062,139,06
18,28332,111,04
18,28386,039,02
18,28440,119,08
18,28494,003,03
18,28692,147,08
18,28800,141,02
18,29358,133,04
18,29448,029,06
18,29520,059,06
18,29682,065,06
18,29718,031,06
18,29754,177,06
18,29772,067,05
18,29844,043,09
18,29898,081,09
18,30024,129,08
18,30042,089,01
18,30060,017,04
18,30060,103,02
18,30402,177,06
18,30594,033,03
18,30594,151,03
18,30708,149,02
18,31000,089,01
18,31180,091,02
18,31216,077,06
18,31396,175,09
18,31432,003,03
18,31486,021,08
18,32170,105,09
18,32242,009,05
18,32332,005,06
18,32494,147,08
18,32512,051,08
18,32584,079,06
18,32728,051,08
18,32818,127,01
18,33142,019,09
18,33178,053,05
18,33187,133,04
18,33392,029,06
18,33466,089,01
18,33484,163,08
18,33862,045,04
18,34096,003,03
18,34114,089,01
18,34294,037,08
18,34366,137,06
18,34420,097,07
18,34744,005,06
18,34978,087,03
18,35086,151,03
18,35104,091,02
18,35266,003,03
18,35284,037,08
18,35302,069,03
18,35500,153,08
18,35536,181,04
18,36003,097,05
18,36003,097,07
18,36144,067,04
18,36306,141,02
18,36342,095,05
18,37674,053,05
18,37692,011,04
18,37692,063,04
18,37764,055,08
18,37782,037,08
18,38358,019,09
18,38862,053,05
18,38916,005,06
18,39366,159,05
18,39402,113,03
18,39438,065,06
18,39510,077,06
18,39546,111,04
18,39618,049,02
18,39744,113,03
18,39798,045,04
18,39816,091,02
18,39852,091,02
18,39942,023,04
18,40266,065,06
18,40302,021,08
18,40374,149,02
18,40392,067,04
18,40464,099,02
18,40464,149,02
18,40518,127,01
18,40644,061,09
18,40662,091,01
18,40698,107,04
18,40788,157,04
18,40842,169,02
18,40860,087,03
18,40896,169,02
18,41058,089,01
18,41211,107,04
18,41444,031,06
18,41444,047,06
18,41530,089,01
18,41530,127,01
18,41535,089,01
18,41562,169,02
18,41652,111,04
18,41670,141,02
18,41994,053,05
18,42048,061,09
18,42192,099,02
18,42228,095,05
18,42246,091,02
18,42282,183,03
18,42372,047,06
18,42426,097,05
18,42426,097,07
18,42462,029,06
18,42606,025,09
18,42624,011,04
18,42678,085,03
18,42861,003,03
18,43074,065,06
18,43434,161,06
18,43686,113,03
18,44082,107,04
18,44190,055,08
18,44370,175,09
18,44424,175,09
18,44442,063,04
18,44658,017,04
18,44784,091,01
18,44910,101,08
18,45000,135,06
18,45144,089,01
18,45468,135,06
18,45486,173,08
18,45504,055,08
18,45648,059,06
18,45774,051,08
18,45864,103,02
18,45990,077,06
18,46422,139,06
18,46746,025,09
18,46908,053,05
18,47160,069,03
18,47160,179,03
18,47178,095,05
18,47322,121,08
18,47448,109,09
18,47592,053,05
18,47628,061,09
18,48132,121,08
18,48186,131,02
18,48240,071,09
18,48294,045,04
18,48330,163,08
18,48384,019,09
18,48402,085,02
18,48456,097,05
18,48474,153,08
18,48528,089,01
18,48563,047,06
18,48636,103,02
18,48744,091,01
18,48798,091,01
18,48816,023,04
18,48924,039,02
18,49014,065,06
18,49212,053,05
18,49266,137,06
18,49320,085,02
18,49536,039,02
18,49662,031,06
18,49716,025,09
18,49716,061,09
18,49806,139,06
18,49860,177,06
18,49932,141,02
18,49950,093,09
18,50058,135,06
18,50148,181,04
18,50202,001,03
18,50526,083,08
18,50562,003,03
18,50580,109,04
18,50616,131,02
18,50652,121,08
18,50688,027,08
18,50760,181,04
18,50778,157,04
18,50796,009,03
18,50940,065,06
18,50958,029,06
18,50976,109,04
18,50976,109,09
18,51102,109,09
18,51138,111,04
18,51192,145,06
18,51318,177,06
18,51336,111,04
18,51354,047,06
18,51408,069,03
18,51714,065,06
18,51732,129,08
18,51840,023,04
18,51876,035,06
18,51912,089,01
18,52002,137,06
18,52020,039,02
18,52020,085,02
18,52038,013,09
18,52326,043,09
18,52398,061,09
18,52524,055,08
18,52650,173,08
18,52704,141,02
18,52740,065,06
18,52776,089,01
18,52956,167,08
18,52974,129,08
18,52992,003,03
18,53262,107,04
18,53298,061,09
18,53352,059,06
18,53370,039,02
18,53388,175,09
18,53478,031,06
18,53496,165,08
18,53532,107,04
18,53550,107,04
18,53586,061,09
18,53694,045,04
18,53712,047,06
18,53820,019,09
18,53874,081,09
18,54180,057,05
18,54612,097,05
18,54900,149,02
18,54918,141,02
18,54954,169,02
18,55080,063,04
18,55098,167,08
18,55116,079,06
18,55134,085,03
18,55350,181,04
18,55386,141,02
18,55710,051,08
18,55800,083,08
18,56052,027,08
18,56088,127,01
18,56286,047,06
18,56664,017,04
18,56682,093,09
18,56952,095,05
18,57006,151,03
18,57024,117,09
18,57114,141,02
18,57132,137,06
18,57168,179,03
18,57258,007,04
18,57258,157,04
18,57384,125,08
18,57510,055,08
18,57528,051,08
18,57546,007,04
18,57632,109,09
18,57726,061,09
18,57780,117,09
18,57870,109,09
18,57978,135,06
18,58050,129,08
18,58320,051,08
18,58392,155,06
18,58662,095,05
18,58788,075,03
18,59238,165,08
18,59328,103,02
18,59364,125,08
18,59598,085,03
18,60084,171,04
18,60192,063,04
18,60246,063,04
18,60264,027,08
18,60822,099,02
18,60894,053,05
18,61020,179,03
18,61092,127,01
18,61164,127,01
18,61236,075,03
18,61416,129,08
18,61470,091,01
18,62028,081,09
18,62046,051,08
18,62388,157,04
18,62712,027,08
18,62730,083,08
18,63450,075,03
18,63756,073,04
18,63792,073,04
18,63918,181,04
18,64206,147,08
18,64260,177,06
18,64422,135,06
18,64512,167,08
18,64674,115,06
18,64728,095,05
18,64980,133,04
18,64998,169,02
18,65016,069,03
18,65214,049,02
18,65484,147,08
18,65520,121,08
18,65556,097,07
18,65736,091,02
18,65808,113,03
18,65934,121,08
18,65988,141,02
18,66006,073,04
18,66006,111,04
18,66150,023,04
18,66222,017,04
18,66438,139,06
18,66510,133,04
18,66546,067,04
18,66762,165,08
18,66834,033,03
18,66852,089,01
18,66978,029,06
18,67050,167,08
18,67176,147,08
18,67212,031,06
18,67212,145,06
18,67302,075,03
18,67464,175,09
18,67608,127,01
18,67626,175,09
18,67698,083,08
18,68004,149,02
18,68022,147,08
18,68058,135,06
18,68220,089,01
18,68238,089,01
18,68328,079,06
18,68382,055,08
18,68526,143,09
18,68652,167,08
18,68670,019,09
18,68706,035,06
18,68832,071,09
18,68868,157,04
18,68976,009,05
18,69048,159,05
18,69192,153,08
18,69246,089,01
18,69318,145,06
18,69336,167,08
18,69354,057,05
18,69480,087,03
18,69516,059,06
18,69516,065,06
18,69552,101,08
18,69642,127,01
18,69678,085,03
18,69768,085,02
18,69840,039,02
18,69894,053,05
18,70330,105,09
18,70524,169,02
18,70542,051,08
18,71000,141,02
18,71288,127,01
18,71486,097,07
18,71612,183,03
18,71828,097,07
18,71972,119,08
18,72008,065,06
18,72206,177,06
18,72232,097,07
18,72296,059,06
18,72332,065,06
18,72440,125,08
18,72638,131,02
18,72764,171,04
18,72782,021,08
18,73178,063,04
18,73232,105,09
18,73340,157,04
18,73664,065,06
18,74006,153,08
18,74060,065,06
18,74132,095,05
18,74168,137,06
18,74510,053,05
18,74546,053,05
18,74582,055,08
18,74744,085,02
18,75104,005,06
18,75176,167,08
18,75248,123,08
18,75302,173,08
18,75428,167,08
18,75626,011,04
18,75986,159,05
18,76022,167,08
18,76184,087,03
18,76256,127,01
18,76310,081,09
18,76328,091,01
18,76526,183,03
18,76634,123,08
18,77066,011,04
18,77768,135,06
18,77786,179,03
18,77912,165,08
18,77966,053,05
18,78110,019,09
18,78290,071,09
18,78326,127,01
18,78380,133,04
18,78470,053,05
18,78740,045,04
18,78776,179,03
18,78902,079,06
18,78974,137,06
18,79010,155,06
18,79208,083,08
18,79370,169,02
18,79478,039,02
18,79568,145,06
18,79694,141,02
18,79730,045,04
18,79964,017,04
18,80018,091,01
18,80108,069,03
18,80234,097,07
18,80306,085,03
18,80504,027,08
18,81278,033,03
18,81458,107,04
18,82052,107,04
18,82376,117,09
18,82556,161,06
18,82700,057,05
18,82790,029,06
18,82862,157,04
18,82934,171,04
18,83204,083,08
18,83222,157,04
18,83276,031,06
18,83384,167,08
18,83420,091,01
18,83528,073,04
18,83564,083,08
18,83600,127,01
18,83816,081,09
18,84014,011,04
18,84014,011,05
18,84086,177,06
18,84122,089,01
18,84302,059,06
18,84338,093,09
18,84374,097,05
18,84410,171,04
18,84734,131,02
18,84752,135,06
18,84806,159,05
18,84878,089,01
18,84914,107,04
18,84950,085,03
18,84968,125,08
18,85058,181,04
18,85076,087,03
18,85076,113,03
18,85184,003,03
18,85400,095,05
18,85598,055,08
18,85742,097,07
18,85886,015,04
18,86084,035,06
18,86318,003,03
18,86318,179,03
18,86372,011,04
18,86372,011,05
