IOWA CONGRESSIONAL DISTRICTS BY PLACE
State,Place,County,CongressionalDistrict
19,00190,069,04
19,00190,083,04
19,00235,181,03
19,00370,001,03
19,00370,077,03
19,00505,049,03
19,00595,175,03
19,00640,179,02
19,00730,183,02
19,00775,149,04
19,00865,021,04
19,00910,135,02
19,00955,127,01
19,01000,113,01
19,01045,083,04
19,01090,069,04
19,01135,109,04
19,01180,153,03
19,01270,185,02
19,01315,023,04
19,01495,021,04
19,01540,037,04
19,01585,167,04
19,01630,153,03
19,01675,119,04
19,01720,095,01
19,01855,169,04
19,01990,105,01
19,02035,071,03
19,02080,045,02
19,02125,097,01
19,02260,029,03
19,02305,153,03
19,02350,193,04
19,02395,023,04
19,02485,027,04
19,02530,141,04
19,02620,023,04
19,02755,047,04
19,02800,175,03
19,02845,065,01
19,02935,063,04
19,03025,059,04
19,03115,093,04
19,03160,061,01
19,03295,143,04
19,03340,047,04
19,03385,139,02
19,03430,173,03
19,03475,011,01
19,03520,029,03
19,03610,161,04
19,03655,009,04
19,03745,035,04
19,03835,019,01
19,03970,155,03
19,04105,147,04
19,04195,187,04
19,04240,077,03
19,04330,097,01
19,04375,061,01
19,04420,109,04
19,04510,061,01
19,04555,123,02
19,04555,157,01
19,04645,187,04
19,04735,071,03
19,04780,037,04
19,04825,101,02
19,04870,093,04
19,04915,099,02
19,04960,077,03
19,05050,123,02
19,05095,159,03
19,05140,075,04
19,05185,015,04
19,05200,057,02
19,05365,173,03
19,05590,011,01
19,05635,097,01
19,05680,197,04
19,05770,031,02
19,05870,155,03
19,05905,159,03
19,06040,015,04
19,06085,061,01
19,06175,113,01
19,06355,163,02
19,06490,121,03
19,06490,181,03
19,06625,177,02
19,06760,079,04
19,06805,011,01
19,06850,179,02
19,06895,145,03
19,06940,133,04
19,06985,173,03
19,07030,051,02
19,07075,139,02
19,07075,163,02
19,07210,091,04
19,07255,195,01
19,07345,177,02
19,07390,153,03
19,07480,015,04
19,07660,049,03
19,07750,015,04
19,07840,167,04
19,07930,145,03
19,08020,069,04
19,08065,091,04
19,08155,019,01
19,08200,009,04
19,08290,027,04
19,08425,001,03
19,08470,183,02
19,08560,023,04
19,08605,081,04
19,08650,193,04
19,08695,157,01
19,08875,149,04
19,09100,083,04
19,09145,047,04
19,09235,163,02
19,09280,189,04
19,09415,033,04
19,09550,057,02
19,09640,191,01
19,09685,109,04
19,09730,125,02
19,09820,045,02
19,09910,085,04
19,09955,187,04
19,10045,191,01
19,10090,141,04
19,10135,045,02
19,10225,169,04
19,10450,177,02
19,10585,003,03
19,10765,153,03
19,10765,181,03
19,11035,131,01
19,11080,027,04
19,11170,155,03
19,11215,155,03
19,11305,061,01
19,11305,105,01
19,11395,001,03
19,11395,077,03
19,11485,191,01
19,11530,133,04
19,11755,013,01
19,12000,113,01
19,12225,105,01
19,12270,113,01
19,12315,007,02
19,12495,113,01
19,12630,061,01
19,12675,069,04
19,12720,117,02
19,12765,067,04
19,12855,045,02
19,12900,047,04
19,12945,167,04
19,12990,171,01
19,13080,035,04
19,13125,089,01
19,13215,179,02
19,13350,073,04
19,13395,007,02
19,13485,187,04
19,13530,031,02
19,13575,145,03
19,13620,197,04
19,13755,023,04
19,13845,043,01
19,13980,159,03
19,13980,173,03
19,14025,033,04
19,14115,035,04
19,14160,127,01
19,14250,065,01
19,14385,193,04
19,14430,045,02
19,14475,185,02
19,14520,049,03
19,14520,153,03
19,14655,171,01
19,14835,187,04
19,14880,137,03
19,14925,113,01
19,14970,145,03
19,15015,055,01
19,15060,099,02
19,15105,145,03
19,15195,169,04
19,15240,169,04
19,15375,115,02
19,15420,115,02
19,15465,067,04
19,15645,139,02
19,15825,075,04
19,15870,095,01
19,15960,173,03
19,16050,027,04
19,16050,077,03
19,16140,087,02
19,16140,101,02
19,16140,183,02
19,16230,103,02
19,16320,165,04
19,16500,003,03
19,16545,193,04
19,16590,081,04
19,16635,185,02
19,16725,115,02
19,16815,069,04
19,16860,155,03
19,16950,149,04
19,17130,183,02
19,17175,155,03
19,17220,089,01
19,17265,175,03
19,17490,175,03
19,17670,081,04
19,17760,029,03
19,17850,181,03
19,17895,147,04
19,17940,193,04
19,17985,147,04
19,18075,091,04
19,18255,049,03
19,18345,073,04
19,18390,193,04
19,18435,057,02
19,19000,163,02
19,19090,053,02
19,19135,049,03
19,19180,187,04
19,19360,053,02
19,19405,191,01
19,19450,027,04
19,19495,157,01
19,19585,165,04
19,19630,055,01
19,19675,055,01
19,19720,045,02
19,19765,047,04
19,19810,159,03
19,19855,107,02
19,19945,047,04
19,19990,111,02
19,20035,017,01
19,20125,117,02
19,21000,153,03
19,21000,181,03
19,21045,049,03
19,21180,045,02
19,21225,049,03
19,21270,159,03
19,21320,077,03
19,21360,041,04
19,21405,075,04
19,21540,163,02
19,21675,063,04
19,21720,163,02
19,21810,111,02
19,21900,119,04
19,22035,177,02
19,22080,033,04
19,22215,047,04
19,22305,069,04
19,22305,197,04
19,22350,051,02
19,22395,061,01
19,22620,023,04
19,22710,081,04
19,22755,187,04
19,22800,055,01
19,22845,013,01
19,22890,047,04
19,22890,085,04
19,22935,061,01
19,22980,031,02
19,22980,139,02
19,22980,163,02
19,23115,055,01
19,23115,061,01
19,23160,171,01
19,23250,197,04
19,23340,121,03
19,23385,165,04
19,23430,055,01
19,23475,161,04
19,23520,095,01
19,23790,121,03
19,23970,123,02
19,23970,135,02
19,23970,179,02
19,24060,043,01
19,24060,055,01
19,24375,171,01
19,24420,179,02
19,24465,083,04
19,24600,163,02
19,24645,065,01
19,24690,043,01
19,24735,153,03
19,24780,165,04
19,24825,043,01
19,24870,013,01
19,24915,137,03
19,25005,159,03
19,25050,079,04
19,25095,089,01
19,25365,113,01
19,25500,129,03
19,25590,147,04
19,25725,061,01
19,25815,145,03
19,25860,063,04
19,25995,013,01
19,26175,041,04
19,26265,009,04
19,26310,007,02
19,26355,019,01
19,26355,065,01
19,26400,113,01
19,26445,101,02
19,26760,061,01
19,26850,043,01
19,26895,177,02
19,26940,025,04
19,26940,187,04
19,26985,071,03
19,27165,065,01
19,27210,109,04
19,27255,127,01
19,27390,195,01
19,27975,051,02
19,28020,067,04
19,28245,151,04
19,28290,001,03
19,28380,081,04
19,28380,189,04
19,28425,191,01
19,28515,187,04
19,28605,111,02
19,28650,041,04
19,28740,111,02
19,28920,015,04
19,28965,037,04
19,29010,017,01
19,29055,115,02
19,29190,123,02
19,29280,139,02
19,29325,103,02
19,29550,197,04
19,29595,093,04
19,29685,043,01
19,29730,083,04
19,29775,053,02
19,29910,043,01
19,29955,081,04
19,30000,011,01
19,30045,171,01
19,30135,069,04
19,30225,119,04
19,30540,107,02
19,30630,169,04
19,30675,013,01
19,30810,041,04
19,30900,127,01
19,30945,091,04
19,30945,151,04
19,31035,171,01
19,31350,129,03
19,31395,027,04
19,31530,197,04
19,31575,081,04
19,31665,045,02
19,31710,187,04
19,31800,147,04
19,31845,061,01
19,31890,195,01
19,31980,073,04
19,32025,045,02
19,32070,053,02
19,32115,115,02
19,32160,049,03
19,32160,153,03
19,32295,137,03
19,32475,167,04
19,32520,173,03
19,32565,009,04
19,32610,055,01
19,32745,023,04
19,32745,067,04
19,32790,001,03
19,32925,127,01
19,32970,041,04
19,33060,049,03
19,33060,153,03
19,33105,157,01
19,33150,029,03
19,33195,075,04
19,33240,063,04
19,33285,157,01
19,33420,077,03
19,33465,043,01
19,33645,027,04
19,33780,071,03
19,33870,125,02
19,33960,069,04
19,34005,155,03
19,34185,195,01
19,34365,069,04
19,34410,187,04
19,34455,091,04
19,34500,165,04
19,34545,107,02
19,34590,005,01
19,34635,143,04
19,34680,181,03
19,34725,141,04
19,34770,157,01
19,34860,125,02
19,34995,129,03
19,35130,151,04
19,35220,127,01
19,35265,167,04
19,35310,065,01
19,35445,107,02
19,35490,081,04
19,35580,019,01
19,35670,107,02
19,35715,129,03
19,35760,145,03
19,35940,113,01
19,36030,095,01
19,36345,103,02
19,36390,087,02
19,36480,149,04
19,36660,157,01
19,36705,075,04
19,36840,093,04
19,36885,061,01
19,36975,095,01
19,37155,055,01
19,37200,193,04
19,37290,167,04
19,37335,111,02
19,37425,083,04
19,37470,013,01
19,37515,167,04
19,37560,091,04
19,37605,185,02
19,37875,081,04
19,37920,169,04
19,38010,093,04
19,38055,071,03
19,38100,019,01
19,38280,181,03
19,38415,119,04
19,38460,037,04
19,38595,103,02
19,38640,083,04
19,38820,167,04
19,38955,109,04
19,39000,165,04
19,39135,191,01
19,39180,165,04
19,39225,077,03
19,39405,013,01
19,39405,017,01
19,39450,073,04
19,39585,013,01
19,39585,019,01
19,39675,079,04
19,39765,153,03
19,39855,195,01
19,39900,025,04
19,40170,183,02
19,40215,079,04
19,40260,081,04
19,40350,159,03
19,40395,169,04
19,40440,099,02
19,40665,195,01
19,40710,175,03
19,40845,111,02
19,40890,123,02
19,40935,177,02
19,40980,107,02
19,41070,107,02
19,41115,011,01
19,41295,009,04
19,41385,149,04
19,41475,107,02
19,41520,165,04
19,41565,179,02
19,41610,047,04
19,41655,081,04
19,41790,025,04
19,42015,125,02
19,42285,181,03
19,42330,095,01
19,42465,025,04
19,42555,189,04
19,42575,077,03
19,42600,059,04
19,42645,021,04
19,42690,161,04
19,42825,109,04
19,42870,099,02
19,42960,053,02
19,43005,019,01
19,43050,097,01
19,43140,027,04
19,43275,005,01
19,43365,013,01
19,43410,119,04
19,43500,035,04
19,43590,069,04
19,43680,127,01
19,43725,151,04
19,43815,037,04
19,43905,193,04
19,43950,177,02
19,44085,163,02
19,44130,109,04
19,44220,127,01
19,44220,171,01
19,44265,187,04
19,44310,123,02
19,44355,189,04
19,44400,149,04
19,44490,003,03
19,44490,173,03
19,44535,053,02
19,44580,053,02
19,44670,119,04
19,44715,115,02
19,44805,029,03
19,44985,101,02
19,45030,027,04
19,45165,089,01
19,45255,171,01
19,45390,049,03
19,45435,185,02
19,45480,021,04
19,45615,113,01
19,45660,127,01
19,45705,131,01
19,45795,119,04
19,45840,085,04
19,45975,091,04
19,46065,101,02
19,46155,085,04
19,46245,025,04
19,46290,109,04
19,46335,103,02
19,46425,163,02
19,46515,175,03
19,46605,045,02
19,46785,155,03
19,46830,135,02
19,46920,031,02
19,47010,045,02
19,47055,043,01
19,47100,117,02
19,47280,015,04
19,47370,091,04
19,47370,109,04
19,47460,061,01
19,47505,011,01
19,47595,099,02
19,47730,025,04
19,47730,161,04
19,47775,169,04
19,47820,163,02
19,47865,155,03
19,47955,155,03
19,48000,043,01
19,48045,131,01
19,48180,121,03
19,48450,015,04
19,48495,085,04
19,48500,101,02
19,48540,157,01
19,48585,147,04
19,48675,159,03
19,48720,129,03
19,48810,055,01
19,48855,047,04
19,48900,195,01
19,48945,027,04
19,48990,025,04
19,49170,133,04
19,49215,045,02
19,49215,097,01
19,49260,021,04
19,49305,067,04
19,49350,035,04
19,49395,095,01
19,49485,113,01
19,49575,029,03
19,49620,043,01
19,49755,127,01
19,49845,105,01
19,49890,181,03
19,49935,107,02
19,50070,125,02
19,50160,033,04
19,50205,055,01
19,50250,029,03
19,50385,167,04
19,50430,167,04
19,50520,169,04
19,50610,065,01
19,50655,163,02
19,50700,031,02
19,50790,057,02
19,50880,127,01
19,50935,125,02
19,50970,135,02
19,51060,143,04
19,51105,077,03
19,51150,035,04
19,51375,149,04
19,51420,033,04
19,51510,131,01
19,51600,095,01
19,51735,057,02
19,52050,097,01
19,52095,059,04
19,52140,081,04
19,52230,095,01
19,52275,185,02
19,52410,043,01
19,52455,181,03
19,52500,177,02
19,52545,049,03
19,52590,155,03
19,52635,129,03
19,52815,099,02
19,52860,085,04
19,52905,131,01
19,52950,099,02
19,52950,153,03
19,52995,085,04
19,53085,131,01
19,53175,085,04
19,53265,097,01
19,53310,043,01
19,53355,099,02
19,53490,157,01
19,53625,105,01
19,53670,171,01
19,53760,111,02
19,53850,133,04
19,53895,187,04
19,53985,007,02
19,53985,135,02
19,54030,105,01
19,54120,115,02
19,54165,075,04
19,54390,007,02
19,54435,011,01
19,54480,159,03
19,54705,087,02
19,54750,177,02
19,54795,087,02
19,54840,113,01
19,54930,193,04
19,55065,039,02
19,55110,139,02
19,55200,007,02
19,55335,037,04
19,55335,067,04
19,55515,161,04
19,55560,155,03
19,55695,169,04
19,55785,005,01
19,55965,021,04
19,56055,011,01
19,56100,037,04
19,56145,023,04
19,56190,131,01
19,56280,163,02
19,56325,087,02
19,56370,173,03
19,56415,083,04
19,56460,123,02
19,56505,099,02
19,56550,061,01
19,56595,181,03
19,56685,139,02
19,56865,003,03
19,56910,033,04
19,56910,067,04
19,57045,145,03
19,57135,043,01
19,57225,095,01
19,57225,107,02
19,57360,103,02
19,57495,037,04
19,57630,195,01
19,57675,153,03
19,57675,181,03
19,57720,011,01
19,57945,007,02
19,58080,155,03
19,58170,099,02
19,58395,115,02
19,58530,143,04
19,58575,161,04
19,58620,065,01
19,58665,015,04
19,58710,059,04
19,58890,087,02
19,58980,105,01
19,59070,107,02
19,59115,133,04
19,59250,105,01
19,59475,167,04
19,59520,131,01
19,59565,001,03
19,59655,059,04
19,59745,131,01
19,59835,039,02
19,59925,123,02
19,59970,191,01
19,60015,043,01
19,60105,187,04
19,60240,193,04
19,60285,131,01
19,60420,091,04
19,60465,179,02
19,60555,083,04
19,60645,103,02
19,60690,105,01
19,60780,149,04
19,60825,129,03
19,60915,101,02
19,61050,151,04
19,61230,113,01
19,61275,165,04
19,61320,077,03
19,61365,163,02
19,61590,023,04
19,61725,163,02
19,61770,095,01
19,61815,073,04
19,61860,121,03
19,61905,141,04
19,62040,125,02
19,62130,061,01
19,62175,071,03
19,62355,049,03
19,62445,085,04
19,62625,041,04
19,62760,193,04
19,62850,015,04
19,62985,091,04
19,63075,085,04
19,63210,017,01
19,63345,007,02
19,63525,153,03
19,63570,053,02
19,63615,101,02
19,63750,125,02
19,63840,151,04
19,63885,033,04
19,63975,151,04
19,64020,153,03
19,64065,025,04
19,64110,069,04
19,64155,033,04
19,64200,165,04
19,64290,005,01
19,64290,043,01
19,64425,113,01
19,64470,099,02
19,64560,003,03
19,64605,097,01
19,64650,141,04
19,64740,163,02
19,64875,185,02
19,65010,037,04
19,65010,089,01
19,65055,051,02
19,65235,019,01
19,65280,035,04
19,65370,083,04
19,65415,189,04
19,65505,027,04
19,65505,073,04
19,65550,065,01
19,65595,079,04
19,65640,071,03
19,65730,007,02
19,65820,013,01
19,65910,017,01
19,65955,099,02
19,66000,159,03
19,66045,049,03
19,66135,137,03
19,66315,075,04
19,66360,021,04
19,66405,149,04
19,66450,091,04
19,66540,127,01
19,66585,089,01
19,66585,131,01
19,66720,107,02
19,66810,061,01
19,66855,047,04
19,67035,191,01
19,67125,025,04
19,67170,063,04
19,67215,073,04
19,67350,163,02
19,67440,183,02
19,67530,085,04
19,67575,071,03
19,67800,113,01
19,67890,031,02
19,68025,033,04
19,68070,067,04
19,68160,119,04
19,68205,167,04
19,68250,033,04
19,68295,025,04
19,68340,147,04
19,68385,133,04
19,68475,169,04
19,68520,151,04
19,68565,087,02
19,68700,123,02
19,68800,067,04
19,68925,041,04
19,69015,197,04
19,69060,019,01
19,69105,041,04
19,69195,067,04
19,69240,153,03
19,69285,117,02
19,69330,147,04
19,69375,091,04
19,69465,055,01
19,69510,097,01
19,69645,161,04
19,69690,061,01
19,69735,131,01
19,69780,127,01
19,69825,109,04
19,69915,121,03
19,69960,097,01
19,70005,109,04
19,70050,065,01
19,70095,181,03
19,70140,043,01
19,70185,111,02
19,70230,087,02
19,70320,193,04
19,70410,141,04
19,70590,181,03
19,70995,153,03
19,71040,189,04
19,71085,161,04
19,71130,047,04
19,71310,073,04
19,71355,157,01
19,71625,193,04
19,71715,109,04
19,71760,185,02
19,71895,145,03
19,71940,159,03
19,71940,175,03
19,72075,173,03
19,72210,069,04
19,72300,155,03
19,72300,165,04
19,72345,015,04
19,72345,153,03
19,72345,169,04
19,72390,141,04
19,72390,167,04
19,72435,023,04
19,72480,011,01
19,72525,071,03
19,72525,145,03
19,72660,061,01
19,72840,103,02
19,72975,143,04
19,73065,071,03
19,73110,107,02
19,73155,129,03
19,73290,167,04
19,73335,149,04
19,73335,193,04
19,73425,021,04
19,73515,169,04
19,73605,193,04
19,73650,193,04
19,73785,133,04
19,73875,103,02
19,73920,025,04
19,73965,095,01
19,74055,107,02
19,74280,041,04
19,74370,191,01
19,74415,059,04
19,74460,097,01
19,74505,097,01
19,74685,181,03
19,74775,113,01
19,74820,131,01
19,74910,079,04
19,74955,019,01
19,74955,065,01
19,75000,137,03
19,75045,031,02
19,75135,127,01
19,75180,083,04
19,75405,177,02
19,75450,139,02
19,75540,105,01
19,75630,021,04
19,75675,169,04
19,75720,075,04
19,75810,079,04
19,75810,187,04
19,75855,043,01
19,75945,149,04
19,75990,001,03
19,75990,077,03
19,76035,099,02
19,76260,017,01
19,76260,065,01
19,76415,159,03
19,76440,059,04
19,76485,141,04
19,76620,033,04
19,76665,125,02
19,76755,109,04
19,76890,103,02
19,76935,071,03
19,76935,129,03
19,77115,171,01
19,77340,027,04
19,77430,165,04
19,77520,059,04
19,77565,175,03
19,77745,189,04
19,77790,091,04
19,77835,107,02
19,77880,033,04
19,77970,071,03
19,78060,103,02
19,78195,159,03
19,78285,031,02
19,78330,109,04
19,78465,131,01
19,78510,171,01
19,78600,045,02
19,78735,171,01
19,78825,155,03
19,78915,017,01
19,79095,021,04
19,79140,121,03
19,79185,133,04
19,79335,025,04
19,79410,007,02
19,79500,155,03
19,79545,083,04
19,79680,007,02
19,79770,103,02
19,79815,123,02
19,79905,011,01
19,79950,049,03
19,79950,153,03
19,79995,133,04
19,80130,047,04
19,80175,099,02
19,80400,011,01
19,80445,049,03
19,80490,053,02
19,80535,151,04
19,80580,033,04
19,80805,095,01
19,80805,157,01
19,80985,137,03
19,81075,187,04
19,81120,171,01
19,81210,011,01
19,81345,043,01
19,81570,065,01
19,81615,059,04
19,81705,139,02
19,81705,163,02
19,81840,011,01
19,81840,113,01
19,81885,113,01
19,81975,063,04
19,82020,161,04
19,82065,155,03
19,82200,115,02
19,82290,013,01
19,82335,183,02
19,82380,035,04
19,82425,013,01
19,82470,005,01
19,82515,011,01
19,82650,065,01
19,82695,049,03
19,82740,005,01
19,82875,017,01
19,82965,087,02
19,83010,041,04
19,83055,107,02
19,83145,079,04
19,83190,053,02
19,83280,183,02
19,83325,075,04
19,83370,045,02
19,83415,109,04
19,83505,095,01
19,83550,109,04
19,83550,147,04
19,83595,031,02
19,83595,103,02
19,83685,057,02
19,83775,183,02
19,83910,049,03
19,83910,153,03
19,83910,181,03
19,84090,149,04
19,84180,065,01
19,84315,139,02
19,84450,059,04
19,84495,155,03
19,84540,165,04
19,84585,111,02
19,84630,047,04
19,84765,065,01
19,84835,087,02
19,84900,107,02
19,84945,045,02
19,85215,133,04
19,85260,109,04
19,85305,083,04
19,85710,027,04
19,85800,079,04
19,85845,095,01
19,85935,117,02
19,86070,031,02
19,86070,139,02
19,86250,153,03
19,86385,087,02
19,86520,121,03
19,86565,019,01
19,86610,029,03
19,86700,081,04
19,86835,085,04
19,86880,039,02
19,86970,049,03
19,87015,197,04
19,87060,061,01
19,87240,105,01
19,87285,077,03
19,87375,025,04
19,87420,145,03
19,87555,169,04
19,87690,061,01
19,87690,097,01
