KANSAS CONGRESSIONAL DISTRICTS BY PLACE
State,Place,County,CongressionalDistrict
20,00100,155,01
20,00125,041,01
20,00225,143,01
20,00325,111,01
20,00475,157,01
20,00550,147,01
20,00825,009,01
20,00950,159,01
20,01050,165,01
20,01275,111,01
20,01350,197,01
20,01425,137,01
20,01550,099,02
20,01575,197,01
20,01600,141,01
20,01625,205,02
20,01675,111,01
20,01775,173,04
20,01800,015,04
20,01800,173,04
20,01975,077,04
20,02175,037,02
20,02250,191,04
20,02300,035,04
20,02325,155,01
20,02375,037,02
20,02600,123,01
20,02675,025,01
20,02850,169,01
20,02900,005,02
20,03025,183,01
20,03050,035,04
20,03100,077,04
20,03150,153,01
20,03250,177,02
20,03300,015,04
20,03425,029,01
20,03600,117,02
20,03675,131,02
20,03900,045,02
20,04225,105,01
20,04250,201,01
20,04350,099,02
20,04400,103,02
20,04450,001,02
20,04625,021,02
20,04775,135,01
20,04900,117,02
20,05337,173,04
20,05500,191,04
20,05600,157,01
20,05775,123,01
20,05825,047,04
20,05925,149,01
20,05975,043,02
20,06000,205,02
20,06075,143,01
20,06125,173,04
20,06175,015,04
20,06275,131,02
20,06500,105,01
20,06825,023,01
20,06950,165,01
20,07600,107,02
20,07650,117,02
20,07775,077,04
20,07825,065,01
20,07975,091,03
20,07975,103,02
20,07975,209,03
20,08425,193,01
20,08475,011,02
20,08575,169,01
20,08675,135,01
20,09000,057,01
20,09050,121,03
20,09150,205,02
20,09200,155,01
20,09225,167,01
20,09250,035,04
20,09275,145,01
20,09350,139,02
20,09400,031,02
20,09450,115,01
20,09525,089,01
20,09575,079,04
20,09675,111,01
20,09700,159,01
20,09800,151,04
20,09900,191,04
20,10125,035,04
20,10375,125,02
20,10475,113,01
20,10600,139,02
20,10675,041,01
20,10925,015,04
20,11025,051,01
20,11175,123,01
20,11325,183,01
20,11425,017,01
20,11450,019,04
20,12425,131,02
20,12500,133,02
20,12550,041,01
20,12650,159,01
20,12675,019,04
20,12775,173,04
20,12825,037,02
20,12925,125,02
20,12950,099,02
20,13100,037,02
20,13275,069,01
20,13375,085,02
20,13425,009,01
20,13625,027,01
20,13675,039,01
20,13675,137,01
20,13925,173,04
20,14200,027,01
20,14200,201,01
20,14275,073,04
20,14475,029,01
20,14525,151,04
20,14600,125,02
20,14650,193,01
20,14700,033,04
20,14900,195,01
20,14950,003,02
20,15075,021,02
20,15100,173,04
20,15200,029,01
20,15325,191,04
20,15400,075,01
20,15475,069,01
20,15725,131,02
20,15900,017,01
20,15925,127,01
20,16025,157,01
20,16150,205,02
20,16625,157,01
20,16675,151,04
20,16700,143,01
20,16775,095,04
20,16975,163,01
20,17000,077,04
20,17150,125,02
20,17225,093,01
20,17525,085,02
20,17600,143,01
20,17625,085,02
20,17750,043,02
20,17800,173,04
20,17850,091,03
20,17875,041,01
20,17925,035,04
20,18050,101,01
20,18250,057,01
20,18325,167,01
20,18400,015,04
20,18500,141,01
20,18600,039,01
20,18950,127,01
20,19050,115,01
20,19125,127,01
20,19275,133,02
20,19300,173,04
20,19600,103,02
20,19825,091,03
20,19875,137,01
20,19900,099,02
20,20000,209,03
20,20025,005,02
20,20050,015,04
20,20075,015,04
20,20125,019,04
20,20250,125,02
20,20300,049,04
20,20350,129,01
20,20425,009,01
20,20450,051,01
20,20500,053,01
20,20675,017,01
20,20875,001,02
20,20950,043,02
20,21100,149,01
20,21275,111,01
20,21350,025,01
20,21400,069,01
20,21425,041,01
20,21500,133,02
20,21600,089,01
20,21650,197,01
20,21675,045,02
20,21800,073,04
20,22025,013,02
20,22425,013,02
20,22700,091,03
20,22775,073,04
20,22900,169,01
20,23600,115,01
20,23650,121,02
20,23725,057,01
20,23825,089,01
20,23890,057,01
20,23975,061,01
20,23975,161,01
20,24000,011,02
20,24175,119,01
20,24275,117,02
20,24325,037,02
20,24550,159,01
20,24575,205,02
20,24725,077,04
20,24850,037,02
20,24925,011,02
20,25050,009,01
20,25100,021,02
20,25150,133,02
20,25200,113,01
20,25325,055,01
20,25375,173,04
20,25425,091,03
20,25750,145,01
20,25750,145,04
20,25925,003,02
20,25975,001,02
20,26000,183,01
20,26050,193,01
20,26075,159,01
20,26200,035,04
20,26200,191,04
20,26300,037,02
20,26325,147,01
20,26375,029,01
20,26500,123,01
20,26725,173,04
20,26750,115,01
20,26775,131,02
20,26875,181,01
20,27000,167,01
20,27125,063,01
20,27200,063,01
20,27425,061,01
20,28200,087,02
20,28300,009,01
20,28350,003,02
20,28425,027,01
20,28625,201,01
20,28675,097,04
20,28800,049,04
20,28850,031,02
20,28900,063,01
20,29250,169,01
20,29400,201,01
20,29600,079,04
20,29675,073,04
20,29700,013,02
20,29875,201,01
20,29925,083,01
20,30000,007,04
20,30175,077,04
20,30250,003,02
20,30475,111,01
20,30575,197,01
20,30700,125,02
20,30725,155,01
20,30775,149,01
20,30825,097,04
20,31100,051,01
20,31125,173,04
20,31150,007,04
20,31200,101,01
20,31375,037,02
20,31400,041,01
20,31400,127,01
20,31475,153,01
20,31600,079,04
20,31675,013,02
20,31850,043,02
20,32175,065,01
20,32275,115,01
20,32300,121,02
20,32550,009,01
20,32575,055,01
20,32650,201,01
20,32825,085,02
20,32850,053,01
20,32875,117,01
20,32875,117,02
20,33075,041,01
20,33150,071,01
20,33200,013,02
20,33250,049,04
20,33350,179,01
20,33375,085,02
20,33400,185,04
20,33425,189,01
20,33450,001,02
20,33500,191,04
20,33525,123,01
20,33575,005,02
20,33625,155,01
20,33875,125,02
20,34225,069,01
20,34275,113,01
20,34300,001,02
20,34550,007,04
20,34625,151,04
20,34975,029,01
20,35375,039,01
20,35450,083,01
20,35475,089,01
20,35600,187,01
20,35750,061,01
20,35950,053,01
20,35975,181,01
20,36000,209,03
20,36225,173,04
20,36550,183,01
20,36735,013,02
20,36736,013,02
20,36739,013,02
20,36740,013,02
20,36741,013,02
20,36744,013,02
20,36875,003,02
20,36950,095,04
20,37075,047,04
20,37125,007,04
20,37200,169,01
20,37275,147,01
20,37325,175,01
20,37375,099,02
20,37500,165,01
20,37575,107,02
20,37725,001,02
20,37975,091,03
20,37975,209,03
20,38175,093,01
20,38325,005,02
20,38400,059,02
20,38500,155,01
20,38650,103,02
20,38700,145,01
20,38775,015,04
20,38800,127,01
20,38900,045,02
20,39000,103,02
20,39075,091,03
20,39100,183,01
20,39125,031,02
20,39150,045,02
20,39225,115,01
20,39350,091,03
20,39400,137,01
20,39450,015,04
20,39475,043,02
20,39500,161,01
20,39550,203,01
20,39650,031,02
20,39700,193,01
20,39725,047,04
20,39825,175,01
20,40250,125,02
20,40400,165,01
20,41300,105,01
20,41325,115,01
20,41375,113,01
20,41425,201,01
20,41465,107,02
20,41475,103,02
20,41575,159,01
20,42100,147,01
20,42425,003,02
20,42575,027,01
20,42600,147,01
20,42650,049,04
20,42800,053,01
20,42825,115,01
20,42875,121,02
20,42875,121,03
20,42925,149,01
20,43050,021,02
20,43150,167,01
20,43250,167,01
20,43350,139,02
20,43525,159,01
20,43675,173,04
20,43700,165,01
20,43725,037,02
20,43750,153,01
20,43775,197,01
20,43850,185,04
20,43900,087,02
20,43950,113,01
20,44050,073,04
20,44150,201,01
20,44200,173,04
20,44225,041,01
20,44250,149,01
20,44250,161,01
20,44300,089,01
20,44375,187,01
20,44500,197,01
20,44550,011,02
20,44600,203,01
20,44750,115,01
20,44925,113,01
20,45050,117,01
20,45150,017,01
20,45250,085,02
20,45275,191,04
20,45325,119,01
20,45500,007,04
20,45700,139,02
20,45750,193,01
20,45950,087,02
20,46000,091,03
20,46450,191,04
20,46500,001,02
20,46525,061,01
20,46925,191,04
20,46950,029,01
20,47075,143,01
20,47150,025,01
20,47225,091,03
20,47350,091,03
20,47425,091,03
20,47600,049,04
20,47875,069,01
20,48125,001,02
20,48225,027,01
20,48275,065,01
20,48300,013,02
20,48450,201,01
20,48600,189,01
20,48750,107,02
20,48800,113,01
20,48825,099,02
20,48900,173,04
20,49025,037,02
20,49075,097,04
20,49100,173,04
20,49100,191,04
20,49150,157,01
20,49200,051,01
20,49325,005,02
20,49350,157,01
20,49400,095,04
20,49425,141,01
20,49650,205,02
20,49825,207,02
20,49875,111,01
20,49925,135,01
20,49950,085,02
20,50150,205,02
20,50300,169,01
20,50450,031,02
20,50475,079,04
20,50525,155,01
20,50750,019,04
20,50925,039,01
20,51225,079,04
20,51500,137,01
20,51525,087,02
20,51600,095,04
20,51700,027,01
20,51810,173,04
20,51825,063,01
20,51825,109,01
20,51825,193,01
20,52000,039,01
20,52175,009,01
20,52200,047,04
20,52275,161,01
20,52525,117,01
20,52575,091,03
20,52700,139,02
20,52750,009,01
20,52800,111,01
20,52825,149,01
20,52875,149,01
20,52900,131,02
20,53200,139,02
20,53225,121,02
20,53325,141,01
20,53375,087,02
20,53450,099,02
20,53525,165,01
20,53550,059,02
20,53725,139,02
20,53775,091,03
20,53850,191,04
20,53925,087,02
20,54125,163,01
20,54200,201,01
20,54250,121,02
20,54325,167,01
20,54400,063,01
20,54450,173,04
20,54500,107,02
20,54560,035,04
20,54575,127,01
20,54675,099,02
20,54700,155,01
20,54875,009,01
20,54950,197,01
20,55100,115,01
20,55225,095,04
20,55450,087,02
20,55525,019,04
20,55675,147,01
20,56000,207,02
20,56025,037,02
20,56100,119,01
20,56150,163,01
20,56450,107,02
20,56725,155,01
20,57000,059,02
20,57100,141,01
20,57300,015,04
20,57350,013,02
20,57525,147,01
20,57575,091,03
20,57625,151,04
20,57650,107,02
20,57675,151,04
20,57700,155,01
20,57725,059,02
20,57850,033,04
20,58100,139,02
20,58250,063,01
20,58300,185,04
20,58375,115,01
20,58450,089,01
20,58475,161,01
20,58500,135,01
20,58525,059,02
20,58550,159,01
20,58600,111,01
20,58725,011,02
20,59000,157,01
20,59050,013,02
20,59125,193,01
20,59200,129,01
20,59675,059,02
20,59875,161,01
20,60200,021,02
20,60325,013,02
20,60825,091,03
20,60900,129,01
20,61100,015,04
20,61250,015,04
20,61275,021,02
20,61400,177,02
20,61550,113,01
20,61600,145,01
20,61775,165,01
20,61825,167,01
20,61875,109,01
20,62025,013,02
20,62025,131,02
20,62175,023,01
20,62200,149,01
20,62275,185,04
20,62400,149,01
20,62400,197,01
20,62500,133,02
20,62700,169,01
20,63150,081,01
20,63200,001,02
20,63275,151,04
20,63325,021,02
20,63350,157,01
20,63425,051,01
20,63600,171,01
20,63650,123,01
20,63675,139,02
20,63750,019,04
20,63800,079,04
20,63800,173,04
20,63875,179,01
20,63950,131,02
20,64025,043,02
20,64050,073,04
20,64100,185,04
20,64325,007,04
20,64375,199,01
20,64500,091,03
20,65600,177,02
20,65650,029,01
20,65650,123,01
20,65925,183,01
20,66100,169,01
20,66175,085,02
20,66275,041,01
20,66275,169,01
20,66650,191,04
20,66750,155,01
20,67125,057,01
20,67175,147,01
20,67250,095,04
20,67625,091,03
20,67625,121,03
20,67775,185,04
20,68025,133,02
20,68200,159,01
20,68350,163,01
20,68650,017,01
20,68775,081,01
20,68950,117,01
20,69275,007,04
20,69525,009,01
20,69775,105,01
20,69800,155,01
20,69850,075,01
20,69925,041,01
20,70000,115,01
20,70250,143,01
20,70300,133,02
20,70625,165,01
20,70675,123,01
20,70800,103,02
20,71000,177,02
20,71050,207,02
20,71125,015,04
20,71350,021,02
20,71450,071,01
20,71575,043,02
20,71800,155,01
20,71925,125,02
20,71950,035,04
20,71975,067,01
20,72525,011,02
20,72650,135,01
20,73250,173,04
20,73300,087,02
20,73450,139,02
20,73525,117,02
20,73775,051,01
20,73950,027,01
20,73950,201,01
20,74025,173,04
20,74075,073,04
20,74425,177,02
20,74450,195,01
20,74525,027,01
20,74575,167,01
20,74625,077,04
20,74750,199,01
20,74950,037,02
20,75200,079,04
20,75325,149,01
20,75325,197,01
20,75825,201,01
20,75950,117,02
20,76000,043,02
20,76050,031,02
20,76250,089,01
20,76350,021,02
20,76425,003,02
20,76475,191,04
20,76625,059,02
20,76675,199,01
20,77150,021,02
20,77200,149,01
20,77250,003,02
20,77500,091,03
20,77525,091,03
20,77550,131,02
20,77700,149,01
20,77825,127,01
20,77850,043,02
20,78050,015,04
20,78100,085,02
20,79000,173,04
20,79250,177,02
20,79250,197,01
20,79300,059,02
20,79400,013,02
20,79425,155,01
20,79550,033,04
20,79625,057,01
20,79650,127,01
20,79675,053,01
20,79800,087,02
20,79850,113,01
20,79950,035,04
20,80075,109,01
20,80350,041,01
20,80450,163,01
20,80500,057,01
20,80700,207,02
20,80750,155,01
20,80925,095,04
20,81025,163,01
