KENTUCKY CONGRESSIONAL DISTRICTS BY PLACE
State,Place,County,CongressionalDistrict
21,00298,141,01
21,00694,053,01
21,00802,037,04
21,00946,071,05
21,01000,219,01
21,01504,111,03
21,01648,109,05
21,02044,039,01
21,02188,121,05
21,02368,019,04
21,02638,141,01
21,02656,111,03
21,02674,023,04
21,02764,071,05
21,03376,111,03
21,03412,007,01
21,03556,111,03
21,03574,121,05
21,03628,179,02
21,03664,039,01
21,03718,007,01
21,04546,129,05
21,04654,183,01
21,04816,223,04
21,04978,149,01
21,05014,177,01
21,05068,111,03
21,05374,089,04
21,05392,111,03
21,05428,015,04
21,05446,037,04
21,05464,111,03
21,05662,095,05
21,05824,157,01
21,05842,151,06
21,05968,097,04
21,06220,071,05
21,07012,133,05
21,07264,127,05
21,07390,007,01
21,07516,179,02
21,07858,111,03
21,08488,099,02
21,08614,189,05
21,08722,179,02
21,08902,227,02
21,09100,155,01
21,09226,163,02
21,09379,225,01
21,09406,177,01
21,09532,111,03
21,09838,203,05
21,09847,111,03
21,09856,117,04
21,09964,029,02
21,10000,023,04
21,10162,111,03
21,10198,111,03
21,10324,061,02
21,10612,193,05
21,10648,185,04
21,10774,123,02
21,11044,167,02
21,11098,057,01
21,11170,015,04
21,11188,139,01
21,11278,199,05
21,11530,191,04
21,11692,221,01
21,11854,149,01
21,11872,037,04
21,12016,157,01
21,12052,173,06
21,12066,111,03
21,12142,103,04
21,12160,217,01
21,12358,237,06
21,12538,085,02
21,12610,019,05
21,12898,181,06
21,13024,041,04
21,13060,139,01
21,13420,019,04
21,13492,009,02
21,13582,095,05
21,13600,075,01
21,13636,093,02
21,13870,183,01
21,13978,177,01
21,14068,221,01
21,14266,179,02
21,15148,085,02
21,15166,037,04
21,15202,233,01
21,15238,197,06
21,15742,105,01
21,15904,027,02
21,16110,195,05
21,16354,095,05
21,16372,037,04
21,16395,111,03
21,16750,001,01
21,16768,105,01
21,16894,135,04
21,17362,121,05
21,17362,235,05
21,17434,081,04
21,17434,209,06
21,17686,101,01
21,17848,117,04
21,17956,137,05
21,18190,055,01
21,18270,111,03
21,18352,117,04
21,18424,037,04
21,18442,117,04
21,18496,185,04
21,18568,081,04
21,18658,047,01
21,18766,111,03
21,19108,095,05
21,19432,097,04
21,19432,097,06
21,19882,021,02
21,20224,033,01
21,20224,107,01
21,20350,037,04
21,21322,035,01
21,21358,193,05
21,21682,233,01
21,21844,163,02
21,22204,111,03
21,22222,161,04
21,22348,177,01
21,22474,111,03
21,22582,081,04
21,23000,141,01
21,23000,177,01
21,23104,071,05
21,23140,055,01
21,23230,107,01
21,23284,125,05
21,23824,143,01
21,23932,117,04
21,23968,169,01
21,24094,163,02
21,24274,093,02
21,24292,069,06
21,24346,215,04
21,24382,195,05
21,24400,219,01
21,24778,117,04
21,24904,103,04
21,24922,235,05
21,25300,117,04
21,25552,137,05
21,25552,199,05
21,25606,095,05
21,25786,069,06
21,25876,175,05
21,26020,179,02
21,26182,047,01
21,26182,219,01
21,26236,117,04
21,26434,191,04
21,26452,083,01
21,26528,145,01
21,26560,205,05
21,26614,083,01
21,27010,199,05
21,27262,111,03
21,27730,121,05
21,27802,089,04
21,27846,133,05
21,27856,069,06
21,27982,015,04
21,28270,183,01
21,28342,111,03
21,28486,047,01
21,28540,093,02
21,28540,163,02
21,28558,117,04
21,28594,037,04
21,28612,117,04
21,28630,023,04
21,28666,171,01
21,28785,029,02
21,28882,015,04
21,28900,073,06
21,28918,213,01
21,29080,033,01
21,29134,195,05
21,29260,165,06
21,29566,075,01
21,29872,171,01
21,30232,135,04
21,30700,209,06
21,30718,023,04
21,30718,161,04
21,30808,041,04
21,30880,157,01
21,31114,009,02
21,31204,077,04
21,31348,111,03
21,31402,111,03
21,31420,111,03
21,31870,111,03
21,31960,185,04
21,32032,047,01
21,32212,139,01
21,32428,187,04
21,32523,111,03
21,32572,043,05
21,32968,087,02
21,32986,111,03
21,33004,089,04
21,33022,177,01
21,33562,219,01
21,34390,107,01
21,34534,157,01
21,34552,027,02
21,34660,099,02
21,34732,095,05
21,34966,167,02
21,35020,183,01
21,35200,091,02
21,35362,193,05
21,35380,035,01
21,35398,237,06
21,35542,015,04
21,35545,029,02
21,35866,101,01
21,35902,145,01
21,36102,111,03
21,36298,075,01
21,36374,111,03
21,36460,113,02
21,36604,037,04
21,36865,111,03
21,36982,029,02
21,37108,119,05
21,37234,009,02
21,37396,123,02
21,37576,111,03
21,37630,111,03
21,37918,047,01
21,38008,099,02
21,38170,111,03
21,38670,029,02
21,38814,111,03
21,38818,111,03
21,38836,137,05
21,38908,131,05
21,39142,117,04
21,39304,111,03
21,39430,159,05
21,39646,065,06
21,39664,027,02
21,39700,149,01
21,39952,025,05
21,40114,207,01
21,40204,193,05
21,40222,111,03
21,40240,173,06
21,40312,133,05
21,41338,021,02
21,41338,137,05
21,42094,117,04
21,42112,095,05
21,42292,007,01
21,42598,111,03
21,43264,143,01
21,43336,007,01
21,43444,047,01
21,43480,185,04
21,43606,117,04
21,43668,205,05
21,43840,079,02
21,43900,111,03
21,44146,005,06
21,44344,155,01
21,44362,029,02
21,44434,139,01
21,44686,085,02
21,45064,141,01
21,45136,091,02
21,46027,067,06
21,46072,045,01
21,46540,111,03
21,47062,149,01
21,47098,203,05
21,47476,125,05
21,47710,155,01
21,47854,127,05
21,48006,111,03
21,48006,111,04
21,48072,007,01
21,48234,083,01
21,48288,095,05
21,48378,117,04
21,48540,095,05
21,48558,111,03
21,48648,111,03
21,48810,195,05
21,49026,059,02
21,49098,183,01
21,49116,109,05
21,49206,229,02
21,49278,133,05
21,49368,107,01
21,49476,123,02
21,49656,051,05
21,49746,107,01
21,49800,111,03
21,50034,055,01
21,50124,057,01
21,50286,071,05
21,50412,111,03
21,50520,059,02
21,50556,145,01
21,50898,083,01
21,50952,133,05
21,51006,161,04
21,51024,161,04
21,51060,071,05
21,51193,111,03
21,51258,111,03
21,51294,111,03
21,51438,037,04
21,51564,037,04
21,51924,013,05
21,51978,111,03
21,52140,239,06
21,52302,017,06
21,52302,181,06
21,52464,133,05
21,52590,223,04
21,52842,111,03
21,53076,187,04
21,53130,231,05
21,53328,111,03
21,53418,205,05
21,53472,225,01
21,53490,031,02
21,53616,107,01
21,53976,201,06
21,54084,173,06
21,54174,203,05
21,54228,029,02
21,54480,093,02
21,54480,163,02
21,54570,099,02
21,54642,035,01
21,54660,111,03
21,55092,107,01
21,55596,103,04
21,55758,179,02
21,55794,179,02
21,55884,037,04
21,56136,113,02
21,56136,113,06
21,56550,111,03
21,56694,121,05
21,56694,125,05
21,56730,111,03
21,56820,017,06
21,56910,107,01
21,56928,111,03
21,57030,015,04
21,57090,047,01
21,57144,227,02
21,57658,111,03
21,57918,043,05
21,58062,051,05
21,58116,233,01
21,58200,185,04
21,58620,059,02
21,58692,187,04
21,58710,011,06
21,58836,145,01
21,58962,115,05
21,59196,017,06
21,59232,009,02
21,59255,117,04
21,59322,111,03
21,59466,095,05
21,59592,133,05
21,59934,047,01
21,60258,021,02
21,60312,015,04
21,60492,185,04
21,60600,195,05
21,60852,195,05
21,61122,147,05
21,61248,013,05
21,61356,029,02
21,61374,119,05
21,61536,227,02
21,61554,111,03
21,61734,235,05
21,61788,103,04
21,61788,211,04
21,61860,227,02
21,62370,111,03
21,62652,177,01
21,62940,071,05
21,62958,041,04
21,63138,033,01
21,63264,111,03
21,63264,185,04
21,63372,233,01
21,63426,083,01
21,63804,015,04
21,63858,089,04
21,63912,093,02
21,64092,065,06
21,64146,155,01
21,64632,145,01
21,65208,111,03
21,65226,151,06
21,65559,185,04
21,65766,111,03
21,65874,101,01
21,65982,031,02
21,66162,235,05
21,66216,183,01
21,66486,111,03
21,66504,111,03
21,66846,183,01
21,67458,089,04
21,67494,207,01
21,67512,141,01
21,67602,117,04
21,67638,149,01
21,67656,209,06
21,67710,107,01
21,67944,111,03
21,67998,111,03
21,68052,139,01
21,68160,011,06
21,68214,167,02
21,68232,153,05
21,68358,041,04
21,68556,063,05
21,68646,161,04
21,68646,201,06
21,68952,199,05
21,69114,003,01
21,69222,233,01
21,69258,083,01
21,69384,111,03
21,69852,011,06
21,70050,211,04
21,70086,029,02
21,70284,111,03
21,70644,037,04
21,70752,211,04
21,71130,233,01
21,71364,103,04
21,71382,139,01
21,71454,227,02
21,71688,199,05
21,71724,093,02
21,71814,177,01
21,71976,037,04
21,72138,111,03
21,72210,089,04
21,72255,095,05
21,72264,195,05
21,72372,077,04
21,72570,101,01
21,72660,229,02
21,72770,111,03
21,72790,111,03
21,73038,209,06
21,73110,137,05
21,73164,197,06
21,73362,147,05
21,74064,111,03
21,74082,111,03
21,74316,225,01
21,74586,169,01
21,74604,087,02
21,75190,111,03
21,75270,083,01
21,75738,117,04
21,75810,215,04
21,75963,111,03
21,76380,111,03
21,77124,055,01
21,77160,171,01
21,77592,219,01
21,78384,015,04
21,78492,225,01
21,78672,093,02
21,78672,123,02
21,79068,135,04
21,79464,015,04
21,79482,239,06
21,79590,119,05
21,79590,193,05
21,79698,117,04
21,79734,093,02
21,79860,195,05
21,80310,095,05
21,80490,015,04
21,80490,117,04
21,80616,159,05
21,80706,077,04
21,80832,083,01
21,80913,111,03
21,80958,225,01
21,81012,071,05
21,81372,111,03
21,81624,111,03
21,81858,175,05
21,81930,093,02
21,81948,185,04
21,82146,019,04
21,82164,111,03
21,82200,233,01
21,82272,071,05
21,82722,107,01
21,82776,133,05
21,82830,059,02
21,82938,147,05
21,83064,007,01
21,83172,037,04
21,83208,111,03
21,83334,235,05
21,83406,081,04
21,83406,191,04
21,83424,229,02
21,83550,113,02
21,83676,049,06
21,83784,111,03
21,83856,083,01
21,84414,227,02
21,84432,031,02
21,84486,111,03
21,84522,037,04
21,84576,111,03
21,84864,089,04
21,84891,111,03
21,84900,041,04
21,85008,089,04
