LOUISIANA CONGRESSIONAL DISTRICTS BY PLACE
State,Place,Parish,CongressionalDistrict
22,00100,113,03
22,00240,103,01
22,00415,121,02
22,00415,121,06
22,00835,063,06
22,00975,079,05
22,01780,089,02
22,01815,101,03
22,01885,105,05
22,01920,115,04
22,02165,117,05
22,02550,087,01
22,02655,013,04
22,03110,097,03
22,03110,099,03
22,03145,069,04
22,03320,027,04
22,03390,127,05
22,03810,051,02
22,03985,033,02
22,03985,033,06
22,04020,101,03
22,04055,079,05
22,04230,021,05
22,04300,051,01
22,04580,001,03
22,04580,039,04
22,04615,041,05
22,04685,067,05
22,05000,033,02
22,05000,033,06
22,05105,073,05
22,05175,057,01
22,05175,057,06
22,05175,109,01
22,05175,109,06
22,05210,109,01
22,05210,109,06
22,05260,057,06
22,05315,089,02
22,05350,047,02
22,05378,007,06
22,05525,101,03
22,05945,017,04
22,06120,075,01
22,06260,007,02
22,06750,085,04
22,06925,015,04
22,07030,111,04
22,07100,101,03
22,07205,013,04
22,07730,017,04
22,08150,117,05
22,08535,067,05
22,08710,075,01
22,08745,009,05
22,08920,015,04
22,09095,109,01
22,09130,089,02
22,09165,079,05
22,09235,001,03
22,09340,099,03
22,09480,051,02
22,10075,055,03
22,10075,099,03
22,10145,033,06
22,10225,073,05
22,10600,121,02
22,10600,121,06
22,10705,013,04
22,10950,009,05
22,10985,075,01
22,11580,099,03
22,11825,073,05
22,11930,127,05
22,12000,023,03
22,12280,069,04
22,12420,097,03
22,12665,055,03
22,12840,019,03
22,13260,013,04
22,13330,099,03
22,13575,099,03
22,13855,009,05
22,13960,033,06
22,14100,057,06
22,14135,087,01
22,14310,101,03
22,14450,039,04
22,14485,049,05
22,14520,109,01
22,14660,079,05
22,15150,057,06
22,15290,061,05
22,15465,001,03
22,15605,073,05
22,15745,069,04
22,15780,021,05
22,15850,029,05
22,15990,037,05
22,16375,043,05
22,16655,067,05
22,16830,021,05
22,17180,093,02
22,17215,085,04
22,17880,009,05
22,17915,119,04
22,18055,081,04
22,18125,103,01
22,18295,043,05
22,18335,047,06
22,18650,001,03
22,18790,119,04
22,18930,057,01
22,20155,045,03
22,20155,113,03
22,20190,083,05
22,20330,065,05
22,20435,063,06
22,20575,019,03
22,20610,011,04
22,20610,115,04
22,20680,057,06
22,20680,089,02
22,20820,089,02
22,20820,089,06
22,20890,079,05
22,21135,119,04
22,21170,127,05
22,21240,005,02
22,21450,061,05
22,21450,111,04
22,21590,119,04
22,21765,043,05
22,21800,061,05
22,21835,119,04
22,21940,109,01
22,22255,001,03
22,22255,055,03
22,22465,049,05
22,22610,015,04
22,22722,103,01
22,22815,095,02
22,22850,081,04
22,23025,001,03
22,23235,003,04
22,23567,051,01
22,23620,053,03
22,23725,075,01
22,24145,123,05
22,24180,113,03
22,24215,049,05
22,24250,121,06
22,24390,051,01
22,24390,051,02
22,24460,001,03
22,24565,001,03
22,24565,097,04
22,24775,009,05
22,25160,111,04
22,25335,053,03
22,25440,029,05
22,25545,009,05
22,25615,085,04
22,25860,085,04
22,26140,103,01
22,26280,077,06
22,26350,123,05
22,26420,079,05
22,26665,085,04
22,26746,115,04
22,26757,115,04
22,27155,101,03
22,27190,117,05
22,27435,063,06
22,27540,031,04
22,28065,057,01
22,28275,033,06
22,28345,095,02
22,28660,043,05
22,28835,013,04
22,28940,041,05
22,29010,017,04
22,29045,019,03
22,29150,101,03
22,29220,079,05
22,29395,031,04
22,29640,057,01
22,29745,069,04
22,29850,005,02
22,29850,005,06
22,30515,061,05
22,30550,093,02
22,30690,031,04
22,30760,097,04
22,30830,051,01
22,30900,093,02
22,31180,109,06
22,31250,021,05
22,31565,091,05
22,31565,091,06
22,31705,017,04
22,31915,051,02
22,32020,047,06
22,32055,113,03
22,32405,023,03
22,32510,089,02
22,32650,081,04
22,32755,105,01
22,32930,051,01
22,33210,025,05
22,33245,051,02
22,33420,015,04
22,33490,019,03
22,33525,027,04
22,33735,119,04
22,33875,099,03
22,34015,009,05
22,34085,093,02
22,35100,049,05
22,35870,027,04
22,36045,115,04
22,36150,017,04
22,36255,109,01
22,36885,017,04
22,37025,105,05
22,37270,033,06
22,37410,001,03
22,37445,019,03
22,37830,037,05
22,37935,013,04
22,38075,045,03
22,38092,051,01
22,38145,051,01
22,38145,051,02
22,38285,059,05
22,38355,053,03
22,38670,049,05
22,38775,025,05
22,38845,127,05
22,38880,127,05
22,38985,027,04
22,38985,111,04
22,39055,113,03
22,39085,031,04
22,39475,051,01
22,39475,051,02
22,39545,105,05
22,39650,123,05
22,39685,063,06
22,39720,089,02
22,39755,003,04
22,40210,057,06
22,40280,097,05
22,40420,007,06
22,40595,053,03
22,40665,103,01
22,40735,055,03
22,40840,051,01
22,40878,057,06
22,41050,053,03
22,41155,019,03
22,41400,035,05
22,41470,073,05
22,41645,017,04
22,42030,095,02
22,42030,095,06
22,42135,057,01
22,42520,097,04
22,42800,079,05
22,43010,115,04
22,43255,005,02
22,43255,093,02
22,43395,097,05
22,43920,111,04
22,44235,027,04
22,44655,063,06
22,44690,077,06
22,44900,057,01
22,44970,057,01
22,45040,031,04
22,45460,031,04
22,45530,011,04
22,45670,045,03
22,46370,013,04
22,46615,089,02
22,46720,093,02
22,46755,045,03
22,47315,079,05
22,47560,103,01
22,48085,039,04
22,48225,103,01
22,48260,083,05
22,48365,031,04
22,48400,009,05
22,48470,085,04
22,48610,047,06
22,48645,111,04
22,48750,009,05
22,48785,051,02
22,48925,081,04
22,49170,057,01
22,49170,057,06
22,49240,113,03
22,49730,097,05
22,49800,087,01
22,49870,001,03
22,49905,067,05
22,49940,033,02
22,50010,011,04
22,50115,051,01
22,50115,051,02
22,50395,059,05
22,50815,055,03
22,50885,119,04
22,50990,029,05
22,51410,073,05
22,51550,109,01
22,51585,029,05
22,51620,043,05
22,51645,033,06
22,51690,091,06
22,51795,089,06
22,51800,093,02
22,51830,017,04
22,51970,009,05
22,52040,099,03
22,52040,101,03
22,52075,077,06
22,52320,001,03
22,52425,019,03
22,52565,065,05
22,52740,013,04
22,53370,007,06
22,53475,105,01
22,53475,105,05
22,53510,069,04
22,53545,069,04
22,53930,107,05
22,54035,045,03
22,54175,115,04
22,55000,071,01
22,55000,071,02
22,55105,077,06
22,55140,089,02
22,55140,089,06
22,55420,085,04
22,55525,089,06
22,55910,049,05
22,56170,093,02
22,56295,037,05
22,56540,003,04
22,56820,123,05
22,56855,033,06
22,57205,067,05
22,57450,003,04
22,57590,017,04
22,57705,033,06
22,57905,059,05
22,58045,097,04
22,58045,097,05
22,58150,011,04
22,58360,055,03
22,58745,007,02
22,58780,097,05
22,58920,089,02
22,59165,099,03
22,59340,101,03
22,59375,093,02
22,59445,103,01
22,60075,007,06
22,60495,039,04
22,60530,079,05
22,60565,123,05
22,60600,115,04
22,60670,015,04
22,60880,047,02
22,60880,047,06
22,60985,009,05
22,61055,085,04
22,61160,095,02
22,61440,075,01
22,61473,069,04
22,61580,043,05
22,61615,105,01
22,61790,121,02
22,61790,121,06
22,61825,097,05
22,62070,075,01
22,62105,063,06
22,62245,069,04
22,62280,087,01
22,62385,005,06
22,62510,109,01
22,62647,019,03
22,62733,043,05
22,62770,069,04
22,63120,049,05
22,63155,057,01
22,63155,057,06
22,63645,001,03
22,63680,083,05
22,63855,015,04
22,63890,039,04
22,64100,003,04
22,64310,095,02
22,64590,065,05
22,64660,073,05
22,64765,029,05
22,64905,013,04
22,65150,051,01
22,65150,051,02
22,65290,053,03
22,65325,069,04
22,65535,043,05
22,65710,017,04
22,65850,093,02
22,66060,047,06
22,66165,105,05
22,66200,115,04
22,66655,061,05
22,67215,125,05
22,67250,047,02
22,67355,093,02
22,67495,107,05
22,67600,099,03
22,67635,127,05
22,67740,089,02
22,67740,089,06
22,67880,013,04
22,68125,119,04
22,68300,109,06
22,68475,055,03
22,69225,033,06
22,69455,119,04
22,70000,015,04
22,70000,017,04
22,70175,119,04
22,70245,025,05
22,70385,127,05
22,70525,009,05
22,70595,115,04
22,70630,061,05
22,70665,011,04
22,70675,101,03
22,70770,037,06
22,70805,103,01
22,71190,101,03
22,71225,005,06
22,71820,031,04
22,72092,093,02
22,72170,111,04
22,72310,029,05
22,72415,063,06
22,72485,119,04
22,72800,031,04
22,72975,019,03
22,73010,083,05
22,73255,073,05
22,73395,031,04
22,73570,011,04
22,73640,019,03
22,73955,103,01
22,74060,097,04
22,74235,007,06
22,74340,073,05
22,74550,089,02
22,74690,065,05
22,74760,105,05
22,75180,051,02
22,75425,057,06
22,75670,105,05
22,75740,051,02
22,76440,075,01
22,76615,059,05
22,76615,127,05
22,76685,039,04
22,77035,093,02
22,77490,059,05
22,77910,117,05
22,78015,075,01
22,78050,077,06
22,78470,029,05
22,78540,061,05
22,78545,069,04
22,78680,033,06
22,78715,039,04
22,78820,019,03
22,78855,087,01
22,78890,017,04
22,79100,051,02
22,79240,063,06
22,79275,095,02
22,79310,025,05
22,79870,097,04
22,79940,107,05
22,80010,063,06
22,80360,093,02
22,80430,053,03
22,80815,019,03
22,80920,033,06
22,80955,073,05
22,81165,051,02
22,81375,047,02
22,81375,047,06
22,82215,037,05
22,82460,127,05
22,82495,041,05
22,82565,041,05
22,83002,051,02
22,83125,079,05
22,83335,055,03
22,83405,033,06
22,83685,085,04
