MARYLAND CONGRESSIONAL DISTRICTS BY PLACE
State,Place,County/IndependentCity,CongressionalDistrict
24,00125,025,01
24,00125,025,02
24,00175,025,02
24,00225,023,06
24,00250,033,05
24,00350,021,06
24,00400,033,04
24,00400,033,05
24,00712,019,01
24,00800,045,01
24,01450,033,04
24,01450,033,05
24,01600,003,03
24,01635,003,03
24,01635,003,04
24,01750,043,06
24,01925,033,05
24,01975,005,03
24,01975,005,07
24,02025,003,04
24,02275,003,04
24,02762,031,03
24,02825,031,03
24,02825,031,06
24,02825,031,08
24,03500,033,05
24,03514,043,06
24,03575,043,06
24,03800,021,06
24,03800,021,08
24,04000,510,02
24,04000,510,03
24,04000,510,07
24,04050,005,02
24,04250,035,01
24,04475,031,06
24,04525,001,06
24,04625,001,06
24,04650,021,08
24,05250,043,06
24,05525,001,06
24,05550,025,01
24,05825,025,01
24,05950,025,01
24,05950,025,02
24,06400,033,04
24,06400,033,05
24,06550,017,05
24,06615,017,05
24,06800,047,01
24,06925,033,05
24,07125,031,08
24,07200,029,01
24,07285,001,06
24,07375,043,06
24,07400,043,06
24,07625,047,01
24,07675,045,01
24,07850,033,04
24,08050,023,06
24,08625,043,06
24,08775,033,04
24,08775,033,05
24,08800,005,02
24,08850,001,06
24,08862,001,06
24,09100,021,08
24,09325,033,05
24,09400,043,06
24,09500,033,04
24,10150,033,04
24,10150,033,05
24,10225,031,03
24,10475,003,02
24,10500,031,08
24,10575,019,01
24,10650,009,05
24,10800,043,06
24,10900,021,06
24,10925,017,05
24,10950,017,05
24,11050,021,06
24,11400,021,08
24,11750,031,03
24,11900,029,01
24,12075,031,08
24,12150,037,05
24,12300,009,05
24,12350,031,03
24,12350,033,04
24,12400,019,01
24,12600,033,04
24,12600,033,05
24,12912,003,03
24,12912,003,04
24,13000,033,04
24,13225,001,06
24,13325,005,01
24,13325,005,02
24,13325,005,03
24,14125,005,07
24,14225,043,06
24,14300,043,06
24,14325,015,01
24,14800,033,05
24,14950,035,01
24,15075,039,01
24,15400,015,01
24,15475,037,05
24,15500,043,06
24,15925,009,05
24,15950,015,01
24,16050,009,05
24,16125,035,01
24,16225,029,01
24,16550,033,04
24,16620,031,08
24,16625,031,08
24,16720,031,08
24,16730,031,08
24,16775,031,08
24,16787,031,08
24,16800,043,06
24,16875,033,04
24,17000,011,01
24,17050,019,01
24,17100,035,01
24,17350,031,06
24,17475,001,06
24,17600,043,06
24,17900,033,05
24,18150,031,03
24,18150,031,08
24,18200,017,05
24,18250,005,01
24,18250,005,02
24,18250,005,07
24,18475,031,03
24,18475,031,08
24,18750,033,05
24,18850,033,04
24,19125,027,03
24,19125,027,07
24,19825,033,04
24,19900,041,01
24,19975,001,06
24,20050,033,04
24,20500,023,06
24,20525,001,06
24,20775,039,01
24,20875,003,04
24,20875,003,05
24,20925,033,05
24,21075,003,04
24,21325,001,06
24,21475,031,06
24,21475,031,08
24,21550,039,01
24,21675,001,06
24,21750,043,06
24,21800,025,01
24,21825,031,06
24,21925,001,06
24,22050,003,05
24,22100,039,01
24,22275,023,06
24,22600,045,01
24,22725,011,01
24,22775,031,06
24,22825,001,06
24,23025,033,04
24,23500,043,06
24,23700,009,05
24,23975,005,02
24,24062,009,05
24,24200,033,05
24,24250,043,06
24,24450,019,01
24,24475,041,01
24,24650,033,04
24,24650,033,05
24,24825,001,06
24,24850,039,01
24,24925,029,01
24,24950,005,02
24,25000,043,06
24,25050,003,04
24,25050,003,05
24,25150,025,01
24,25150,025,02
24,25425,033,04
24,25575,013,08
24,25600,019,01
24,25750,027,02
24,25750,027,03
24,25750,027,07
24,25800,015,01
24,25925,001,06
24,26000,027,07
24,26025,019,01
24,26200,021,08
24,26550,043,06
24,26600,005,02
24,27250,031,03
24,27325,029,01
24,27375,039,01
24,27400,033,04
24,27425,043,06
24,27500,043,06
24,27580,033,04
24,27580,033,05
24,27700,025,01
24,27900,011,01
24,28075,003,02
24,28075,003,03
24,28275,023,06
24,28300,019,01
24,28425,001,06
24,28640,031,08
24,28725,033,04
24,29000,033,04
24,29400,003,02
24,29400,003,03
24,29450,043,06
24,29525,033,04
24,29525,033,05
24,29712,043,06
24,29790,031,08
24,30100,001,06
24,30325,021,06
24,30325,021,08
24,30567,039,01
24,30575,033,05
24,30650,003,05
24,30800,031,08
24,30850,023,06
24,30900,001,06
24,30950,045,01
24,31025,027,03
24,31100,043,06
24,31175,031,06
24,31225,029,01
24,31250,019,01
24,31275,003,05
24,31350,003,04
24,31400,043,06
24,31525,031,08
24,31575,043,06
24,31625,005,03
24,31875,029,01
24,32025,031,06
24,32175,001,06
24,32250,047,01
24,32350,033,04
24,32500,033,04
24,32650,003,02
24,32650,003,03
24,32650,003,04
24,32900,031,08
24,33250,031,08
24,33400,033,04
24,33400,033,05
24,33850,037,05
24,33950,011,01
24,34150,023,06
24,34425,001,06
24,34525,023,06
24,34550,035,01
24,34775,033,05
24,35200,011,01
24,35225,043,06
24,36075,043,06
24,36125,043,06
24,36500,013,01
24,36512,005,01
24,36512,005,02
24,36600,043,06
24,37600,025,02
24,37875,045,01
24,37925,011,01
24,38025,003,04
24,38437,043,06
24,38475,027,03
24,38475,027,07
24,38500,003,03
24,38850,031,03
24,38850,033,04
24,38975,033,04
24,39175,011,01
24,40700,017,05
24,41037,009,05
24,41125,019,01
24,41175,023,06
24,41250,033,04
24,41250,033,05
24,41475,027,02
24,41475,027,03
24,41475,027,07
24,41500,017,05
24,41700,043,06
24,42325,025,01
24,42350,021,06
24,42350,021,08
24,42450,023,06
24,42550,003,02
24,42550,027,02
24,42575,045,01
24,42875,025,01
24,42875,025,02
24,42950,043,06
24,43100,043,06
24,43200,031,08
24,43280,043,06
24,43475,029,01
24,43500,031,08
24,43725,035,01
24,43900,033,04
24,44325,035,01
24,44350,005,01
24,44450,023,06
24,44525,001,06
24,44715,033,04
24,44715,033,05
24,44817,033,04
24,44975,003,03
24,44975,003,04
24,45325,033,04
24,45400,033,04
24,45525,033,04
24,45550,033,04
24,45550,033,05
24,45650,005,03
24,45750,017,05
24,45825,033,04
24,45900,033,04
24,46075,001,06
24,46150,031,08
24,46250,031,06
24,46250,031,08
24,46375,031,08
24,46400,043,06
24,46475,037,05
24,46725,037,05
24,46800,021,08
24,47040,021,06
24,47040,021,08
24,47125,003,02
24,47125,003,03
24,47275,001,06
24,47450,005,02
24,47450,005,07
24,47525,023,06
24,47875,001,06
24,48025,009,05
24,48775,001,06
24,48800,009,05
24,48875,005,02
24,49325,001,06
24,49700,019,01
24,49950,013,01
24,50375,043,06
24,50525,045,01
24,50680,033,05
24,50685,033,04
24,50685,033,05
24,50750,033,04
24,50775,033,05
24,50965,031,08
24,51025,011,01
24,51075,003,02
24,51075,003,03
24,51075,003,04
24,51425,043,06
24,51575,003,05
24,51587,005,02
24,51587,005,03
24,51587,005,07
24,51800,037,05
24,51860,033,05
24,51945,043,06
24,52225,043,06
24,52300,005,02
24,52425,021,08
24,52475,001,06
24,52525,001,06
24,52562,005,02
24,52562,005,07
24,52825,029,01
24,52825,035,01
24,52975,033,04
24,53100,021,08
24,53325,031,06
24,53625,033,04
24,53700,001,06
24,53750,043,06
24,53800,023,06
24,53875,013,08
24,53875,021,08
24,53925,043,06
24,54125,043,06
24,54275,033,04
24,54325,001,06
24,54375,039,01
24,54875,021,08
24,54925,045,01
24,54930,045,01
24,55000,001,06
24,55018,033,04
24,55050,003,03
24,55325,047,01
24,55400,033,04
24,55400,033,05
24,55650,021,08
24,55925,013,08
24,55950,001,06
24,56300,009,05
24,56337,031,08
24,56375,033,04
24,56400,031,08
24,56450,015,01
24,56712,031,08
24,56725,027,02
24,56875,031,06
24,56875,031,08
24,57650,023,06
24,58215,001,06
24,58225,047,01
24,58275,047,01
24,58300,003,02
24,58300,003,03
24,58300,003,04
24,58775,001,06
24,58900,031,03
24,58900,031,08
24,59325,005,02
24,59325,005,03
24,59375,009,05
24,59425,005,02
24,59425,005,03
24,59450,041,01
24,59500,033,04
24,59787,043,06
24,60275,005,02
24,60275,005,03
24,60325,003,03
24,60325,003,04
24,60425,045,01
24,60475,003,03
24,60475,003,04
24,60770,043,06
24,60950,033,04
24,60975,005,01
24,60975,005,02
24,60975,005,03
24,61075,025,02
24,61150,015,01
24,61400,005,02
24,61400,005,03
24,61700,043,06
24,61875,037,05
24,62025,045,01
24,62100,001,06
24,62175,025,01
24,62475,047,01
24,62575,021,06
24,62675,017,05
24,62775,043,06
24,62850,031,06
24,63075,015,01
24,63225,017,05
24,63300,031,06
24,63300,031,08
24,63375,017,05
24,63425,001,06
24,63725,045,01
24,63825,011,01
24,63950,009,05
24,64000,039,01
24,64375,025,01
24,64475,045,01
24,64495,033,05
24,64500,035,01
24,64500,041,01
24,64535,033,05
24,64600,035,01
24,64950,005,02
24,64950,005,03
24,64950,005,07
24,65150,001,06
24,65312,031,06
24,65312,031,08
24,65550,043,06
24,65600,005,02
24,65600,005,07
24,66000,011,01
24,66150,043,06
24,66275,015,01
24,66400,003,04
24,66635,033,04
24,66635,033,05
24,66762,025,02
24,66850,003,03
24,66850,003,04
24,67000,043,06
24,67400,029,01
24,67500,017,05
24,67675,031,06
24,67675,031,08
24,67950,043,06
24,68300,033,05
24,68400,005,02
24,68400,005,03
24,68600,021,06
24,68700,005,02
24,68700,005,03
24,69200,021,08
24,69425,037,05
24,69550,043,06
24,69675,009,05
24,69825,041,01
24,69925,045,01
24,70175,043,06
24,70300,043,06
24,70475,027,02
24,70530,027,02
24,70530,027,03
24,70775,033,04
24,70775,033,05
24,70850,033,04
24,70900,019,01
24,71150,003,02
24,71150,003,03
24,71150,003,04
24,71200,003,04
24,71450,003,05
24,71460,001,06
24,71600,043,06
24,71650,045,01
24,72350,033,04
24,72450,031,03
24,72450,031,08
24,72887,039,01
24,72900,043,06
24,73075,047,01
24,73325,009,05
24,73350,031,08
24,73600,031,08
24,73650,033,04
24,73650,033,05
24,74050,031,03
24,74282,033,04
24,74350,001,06
24,74560,021,08
24,75025,035,01
24,75200,047,01
24,75650,035,01
24,75725,033,04
24,75810,033,04
24,76450,023,06
24,76550,013,08
24,76650,031,08
24,76675,037,05
24,76725,013,01
24,76925,019,01
24,77100,033,04
24,77200,011,01
24,77200,035,01
24,77825,021,08
24,77912,041,01
24,77925,043,06
24,78050,005,02
24,78050,005,07
24,78120,029,01
24,78425,005,02
24,78425,005,03
24,78575,041,01
24,78650,031,06
24,78650,031,08
24,78705,043,06
24,79225,045,01
24,79350,013,08
24,79675,033,05
24,79875,033,05
24,79900,021,06
24,80075,001,06
24,80600,019,01
24,81175,017,05
24,81250,033,04
24,81275,021,08
24,81675,031,06
24,81925,045,01
24,82625,011,01
24,82750,001,06
24,83025,033,04
24,83100,013,08
24,83225,047,01
24,83290,033,04
24,83290,033,05
24,83337,039,01
24,83746,047,01
24,83775,031,06
24,83775,031,08
24,84225,045,01
24,84350,005,01
24,84350,005,02
24,84350,005,03
24,84375,031,03
24,84375,031,08
24,84950,045,01
24,85100,043,06
24,85175,011,01
24,85395,043,06
24,86275,001,06
24,86475,005,07
24,86525,033,04
24,86525,033,05
24,86710,033,04
24,86710,033,05
24,86750,021,08
24,87000,029,01
24,87150,043,06
24,87275,001,06
