MINNESOTA CONGRESSIONAL DISTRICTS BY PLACE
State,Place,County,CongressionalDistrict
27,00172,107,07
27,00190,099,01
27,00262,105,01
27,00316,163,04
27,00460,001,08
27,00496,057,08
27,00622,145,07
27,00676,149,07
27,00694,047,01
27,00730,171,06
27,00838,047,01
27,00892,159,08
27,00928,041,07
27,01162,063,01
27,01234,169,01
27,01252,089,07
27,01324,013,01
27,01486,003,06
27,01558,077,07
27,01684,171,06
27,01720,003,06
27,01864,151,07
27,01900,037,02
27,01972,081,07
27,02026,123,04
27,02134,089,07
27,02152,143,07
27,02260,137,08
27,02422,051,07
27,02548,115,08
27,02692,067,07
27,02728,005,07
27,02872,137,08
27,02908,099,01
27,03052,101,07
27,03070,145,06
27,03106,137,08
27,03124,021,08
27,03160,135,07
27,03196,029,07
27,03214,027,07
27,03250,083,07
27,03376,061,08
27,03574,027,07
27,03628,017,08
27,03682,051,07
27,03718,011,07
27,03970,111,07
27,04024,077,07
27,04042,035,08
27,04114,163,04
27,04204,011,07
27,04348,087,07
27,04456,075,08
27,04492,133,01
27,04618,141,06
27,04672,087,07
27,04762,145,07
27,04798,049,02
27,04798,157,02
27,04834,139,02
27,04960,073,07
27,05014,119,07
27,05050,127,07
27,05068,007,07
27,05104,021,08
27,05212,151,07
27,05482,153,07
27,05554,003,06
27,05644,105,01
27,05680,071,08
27,05698,061,08
27,05744,017,08
27,05752,141,06
27,05896,033,01
27,06058,163,04
27,06076,129,07
27,06112,085,07
27,06148,137,08
27,06256,007,08
27,06382,003,06
27,06382,123,04
27,06490,067,07
27,06580,039,01
27,06580,147,01
27,06616,053,03
27,06688,043,01
27,06778,111,07
27,06814,095,08
27,07030,107,07
27,07048,061,08
27,07066,097,08
27,07138,073,07
27,07174,021,08
27,07282,059,08
27,07282,065,08
27,07300,035,08
27,07336,041,07
27,07462,167,07
27,07516,035,08
27,07660,105,01
27,07678,043,01
27,07948,053,05
27,07966,053,03
27,07984,115,08
27,08038,125,07
27,08056,137,08
27,08092,121,07
27,08092,145,07
27,08110,153,07
27,08164,099,01
27,08200,155,07
27,08218,055,01
27,08254,085,07
27,08290,115,08
27,08416,097,08
27,08452,171,06
27,08488,129,07
27,08524,137,08
27,08794,037,02
27,08902,153,07
27,08992,165,01
27,09154,109,01
27,09226,055,01
27,09280,005,07
27,09316,061,08
27,09370,059,08
27,09496,167,07
27,09604,173,07
27,09730,049,02
27,09802,045,01
27,09964,041,07
27,10018,017,08
27,10144,019,06
27,10252,021,08
27,10468,093,07
27,10576,025,08
27,10648,003,06
27,10792,091,01
27,10846,053,03
27,10900,101,07
27,10918,019,03
27,10918,053,03
27,10972,019,03
27,11008,045,01
27,11008,109,01
27,11296,021,08
27,11350,025,08
27,11386,137,08
27,11440,149,07
27,11494,003,06
27,11548,023,07
27,11566,039,01
27,11602,153,07
27,11656,173,07
27,11674,047,01
27,11746,029,07
27,11764,141,06
27,11800,145,06
27,11800,171,06
27,11836,127,07
27,11872,079,01
27,11962,119,07
27,11980,011,07
27,12088,111,07
27,12124,151,07
27,12160,017,08
27,12376,037,02
27,12394,015,01
27,12412,061,08
27,12430,171,06
27,12484,145,06
27,12502,061,08
27,12664,019,06
27,12700,003,05
27,12718,003,06
27,12772,015,01
27,12772,033,01
27,12862,027,07
27,12952,047,01
27,13006,137,08
27,13114,003,03
27,13168,053,03
27,13384,011,07
27,13420,093,07
27,13456,163,02
27,13564,083,07
27,13582,103,01
27,13780,017,08
27,13870,119,07
27,13924,035,08
27,13978,035,08
27,14158,053,05
27,14320,101,07
27,14428,035,08
27,14446,121,07
27,14518,169,01
27,14626,111,07
27,14716,129,07
27,14734,151,07
27,14770,165,01
27,14842,093,07
27,14878,093,07
27,14968,073,07
27,15022,053,03
27,15022,171,06
27,15148,053,03
27,15184,111,07
27,15310,061,08
27,15346,035,08
27,15418,151,07
27,15454,171,06
27,15472,043,01
27,15544,127,07
27,15616,163,04
27,15670,115,08
27,15706,049,02
27,15706,131,02
27,15724,111,07
27,15832,005,07
27,15886,099,01
27,15976,027,07
27,15994,039,01
27,16030,069,07
27,16084,149,07
27,16156,167,07
27,16264,109,01
27,16300,101,07
27,17000,137,08
27,17090,155,07
27,17126,131,02
27,17144,105,01
27,17180,091,01
27,17288,037,02
27,17342,153,07
27,17378,013,01
27,17486,003,06
27,17612,119,07
27,17630,021,08
27,17738,043,01
27,17882,029,07
27,17900,173,07
27,18116,053,03
27,18134,093,07
27,18134,145,07
27,18152,117,07
27,18188,053,03
27,18188,053,05
27,18260,061,08
27,18368,055,01
27,18386,169,01
27,18440,005,07
27,18440,029,07
27,18458,051,07
27,18530,157,02
27,18566,111,07
27,18662,139,02
27,18674,141,06
27,18728,099,01
27,18746,147,01
27,18836,105,01
27,18872,097,08
27,18998,043,01
27,19088,145,07
27,19142,137,08
27,19160,079,01
27,19160,161,01
27,19286,035,08
27,19340,047,01
27,19556,111,07
27,19700,119,07
27,19718,017,08
27,19880,015,01
27,19898,041,07
27,19934,137,08
27,20078,053,03
27,20114,109,01
27,20222,129,07
27,20276,145,06
27,20330,091,01
27,20420,123,04
27,20546,131,01
27,20618,037,02
27,20690,121,07
27,20798,021,08
27,20834,027,07
27,20906,111,07
27,20978,119,07
27,21032,035,08
27,21104,075,08
27,21122,115,08
27,21158,119,07
27,21190,063,01
27,21266,097,08
27,21338,137,08
27,21410,083,07
27,21536,009,06
27,21608,041,07
27,21770,163,06
27,21824,095,08
27,21932,035,08
27,21986,119,07
27,22094,045,01
27,22202,167,07
27,22364,129,07
27,22472,005,07
27,22526,047,01
27,22652,145,07
27,22814,003,05
27,22904,049,02
27,22940,043,01
27,22958,101,07
27,22976,007,08
27,23084,013,01
27,23120,041,07
27,23192,035,08
27,23228,083,07
27,23246,107,07
27,23300,143,07
27,23318,123,04
27,23354,047,01
27,23444,097,08
27,23498,027,07
27,23660,083,07
27,23678,143,07
27,23714,137,08
27,23804,009,06
27,23948,085,07
27,24056,047,01
27,24074,121,07
27,24182,027,07
27,24308,053,05
27,24344,029,07
27,24398,049,02
27,24470,113,07
27,24506,013,01
27,24524,169,01
27,24758,011,07
27,24884,091,01
27,24992,031,08
27,25010,099,01
27,25118,061,08
27,25280,023,07
27,25280,173,07
27,25334,163,04
27,25424,065,08
27,25604,135,07
27,25622,053,03
27,25658,143,07
27,25874,145,07
27,25918,053,03
27,26000,153,07
27,26126,093,07
27,26216,089,07
27,26270,119,07
27,26378,021,08
27,26450,101,07
27,26576,069,07
27,26612,069,07
27,26630,107,07
27,26666,019,06
27,26738,003,06
27,26828,157,02
27,26864,037,02
27,26936,149,07
27,26972,173,07
27,26990,053,06
27,26990,171,06
27,27008,015,01
27,27098,097,08
27,27116,133,01
27,27188,045,01
27,27278,025,08
27,27404,047,01
27,27530,037,02
27,27530,163,02
27,27566,117,07
27,27746,027,07
27,27872,039,01
27,27944,047,01
27,28016,173,07
27,28124,129,07
27,28214,079,01
27,28394,143,07
27,28430,081,07
27,28484,107,07
27,28520,111,07
27,28574,115,08
27,28646,051,07
27,28682,137,08
27,28700,063,01
27,28754,153,07
27,28790,137,08
27,29096,001,08
27,29150,097,08
27,29204,133,01
27,29258,003,05
27,29294,115,08
27,29402,027,07
27,29474,051,07
27,29510,055,01
27,29582,145,06
27,29618,117,07
27,29636,047,01
27,29672,151,07
27,29870,089,07
27,30014,169,01
27,30140,053,05
27,30230,055,01
27,30284,171,06
27,30302,137,08
27,30392,163,06
27,30446,069,07
27,30644,085,07
27,30806,117,07
27,30842,053,03
27,30950,061,08
27,31040,071,08
27,31076,037,02
27,31094,101,07
27,31238,137,08
27,31274,035,08
27,31328,059,08
27,31472,095,08
27,31526,081,07
27,31562,063,01
27,31706,161,01
27,31760,117,07
27,31760,133,01
27,31796,033,07
27,31832,035,08
27,32012,011,07
27,32174,139,02
27,32372,067,07
27,32444,069,07
27,32462,079,01
27,32498,039,01
27,32570,061,08
27,32606,007,07
27,32642,157,02
27,32732,069,07
27,32750,133,01
27,32768,041,07
27,32786,167,07
27,32840,049,02
27,32876,151,07
27,32912,115,08
27,32966,017,08
27,33056,043,01
27,33110,079,01
27,33164,145,06
27,33236,105,01
27,33344,093,07
27,33416,137,08
27,33866,055,01
27,33866,169,01
27,33920,103,01
27,34100,081,07
27,34136,069,07
27,34172,049,02
27,34172,157,02
27,34190,013,01
27,34244,163,04
27,34316,063,01
27,34370,057,08
27,34478,145,07
27,34622,163,04
27,34658,163,04
27,34676,067,07
27,34784,005,07
27,34865,163,04
27,34928,021,08
27,35180,037,02
27,35198,101,07
27,35288,127,07
27,35378,069,07
27,35414,163,04
27,35450,045,01
27,35558,099,01
27,35612,057,08
27,35648,061,08
27,35702,165,01
27,35720,097,08
27,35738,123,04
27,36134,079,01
27,36404,119,07
27,36494,029,07
27,36530,137,08
27,36548,105,01
27,36620,099,01
27,36728,085,07
27,36746,079,01
27,36746,103,01
27,36746,143,07
27,36800,169,01
27,36818,165,01
27,36836,003,06
27,37016,037,02
27,37304,025,08
27,37322,003,06
27,37412,105,01
27,37448,093,07
27,37502,123,04
27,37556,097,08
27,37592,071,08
27,37656,007,07
27,37970,121,07
27,38006,053,03
27,38060,153,07
27,38114,021,08
27,38150,131,01
27,38222,053,03
27,38258,073,07
27,38366,121,07
27,38420,127,07
27,38546,031,08
27,38564,133,01
27,38654,099,01
27,38708,083,07
27,38888,045,01
27,38996,001,08
27,39014,001,08
27,39050,119,07
27,39140,137,08
27,39230,165,01
27,39266,073,07
27,39320,013,01
27,39338,133,01
27,39392,087,07
27,39394,137,08
27,39428,163,04
27,39446,017,08
27,39716,047,01
27,39806,035,08
27,39878,013,01
27,39878,079,01
27,39878,103,01
27,39986,039,01
27,40166,053,03
27,40220,171,06
27,40256,053,03
27,40310,013,01
27,40346,099,01
27,40382,123,04
27,40418,061,08
27,40526,073,07
27,40562,163,06
27,40688,083,07
27,40814,003,06
27,41138,019,06
27,41210,023,07
27,41282,157,02
27,41372,137,08
27,41426,147,01
27,41462,053,03
27,41480,053,03
27,41534,145,07
27,41570,145,07
27,41660,159,08
27,41678,037,02
27,41696,037,02
27,41714,119,07
27,41804,035,08
27,41912,089,07
27,42010,087,07
27,42092,037,02
27,42110,095,08
27,42146,023,07
27,42254,041,07
27,42290,157,02
27,42362,127,07
27,42398,041,07
27,43000,053,05
27,43036,157,02
27,43036,169,01
27,43126,083,07
27,43144,169,01
27,43198,013,01
27,43198,043,01
27,43252,053,03
27,43270,053,03
27,43306,053,03
27,43540,071,08
27,43720,023,07
27,43738,079,01
27,43774,171,06
27,43810,171,06
27,43864,027,07
27,43954,017,08
27,44044,065,08
27,44116,127,07
27,44242,149,07
27,44296,131,01
27,44368,129,07
27,44422,021,08
27,44422,097,08
27,44476,053,03
27,44530,123,04
27,44548,137,08
27,44566,033,01
27,44818,151,07
27,44890,047,01
27,44944,167,07
27,44980,061,08
27,45016,073,07
27,45052,087,07
27,45106,041,07
27,45196,131,02
27,45268,071,08
27,45268,137,08
27,45340,057,08
27,45376,143,07
27,45430,123,04
27,45520,089,07
27,45556,019,06
27,45628,053,05
27,45682,067,07
27,45772,145,07
27,45790,163,04
27,45808,079,01
27,45808,139,02
27,45862,161,01
27,46024,037,02
27,46042,015,01
27,46060,111,07
27,46150,103,01
27,46258,119,07
27,46294,159,08
27,46348,035,08
27,46492,051,07
27,46798,025,08
27,46924,037,02
27,46924,131,02
27,47068,013,01
27,47068,103,01
27,47104,123,04
27,47122,071,08
27,47212,091,01
27,47221,123,04
27,47520,019,06
27,47536,003,06
27,47680,163,04
27,47690,003,06
27,47914,163,04
27,47923,027,07
27,48058,011,07
27,48094,165,01
27,48130,005,07
27,48166,065,08
27,48184,063,01
27,48202,125,07
27,48256,129,07
27,48310,095,08
27,48562,091,01
27,48562,165,01
27,48580,053,03
27,48598,109,01
27,48634,137,08
27,48706,011,07
27,48760,005,07
27,48796,041,07
27,48796,153,07
27,48976,089,07
27,49012,053,03
27,49030,045,01
27,49138,171,06
27,49210,111,07
27,49300,147,01
27,49498,001,08
27,49732,111,07
27,49768,057,08
27,49966,145,07
27,50056,095,08
27,50164,111,07
27,50200,013,01
27,50344,067,07
27,50416,035,08
27,50470,111,07
27,50506,107,07
27,50596,045,01
27,50776,097,08
27,50902,021,08
27,51028,087,07
27,51064,115,08
27,51136,049,02
27,51136,109,01
27,51234,005,07
27,51280,021,08
27,51316,163,04
27,51388,117,07
27,51424,157,02
27,51460,085,07
27,51712,125,07
27,51730,053,03
27,51892,007,07
27,52144,173,07
27,52450,045,01
27,52522,095,08
27,52522,141,06
27,52558,067,07
27,52594,139,02
27,52630,137,08
27,52756,065,08
27,52882,099,01
27,53026,003,06
27,53080,097,08
27,53098,037,02
27,53134,071,08
27,53296,067,07
27,53386,007,07
27,53458,007,07
27,53476,125,07
27,53620,049,02
27,53656,127,07
27,53656,129,07
27,53710,067,07
27,53782,021,08
27,53890,129,07
27,53908,127,07
27,53998,009,06
27,54056,029,07
27,54214,053,05
27,54268,145,06
27,54340,111,07
27,54596,087,07
27,54736,035,08
27,54808,053,05
27,54880,109,01
27,54934,115,08
27,55006,053,06
27,55006,171,06
27,55078,145,06
27,55186,053,03
27,55276,169,01
27,55366,009,06
27,55438,077,07
27,55438,135,07
27,55510,145,07
27,55546,135,07
27,55600,099,01
27,55726,037,02
27,55852,123,04
27,56014,111,07
27,56014,167,07
27,56086,105,01
27,56176,009,06
27,56176,097,08
27,56212,029,07
27,56212,087,07
27,56266,025,08
27,56284,045,01
27,56302,045,01
27,56338,105,01
27,56428,083,07
27,56482,117,07
27,56518,115,08
27,56554,027,07
27,56572,129,07
27,56680,053,05
27,56680,123,05
27,56698,145,07
27,56724,145,06
27,56770,053,03
27,56788,169,01
27,56824,013,01
27,56896,009,06
27,56896,141,06
27,56896,145,06
27,56950,003,06
27,56950,059,08
27,57022,113,07
27,57040,165,01
27,57130,145,06
27,57202,173,07
27,57220,053,05
27,57238,145,07
27,57292,163,04
27,57346,171,06
27,58000,123,04
27,58018,163,02
27,58018,163,04
27,58036,103,01
27,58072,145,07
27,58090,145,06
27,58144,069,07
27,58306,127,07
27,58396,115,08
27,58576,099,01
27,58612,009,06
27,58612,145,06
27,58648,145,07
27,58684,009,06
27,58738,139,02
27,58900,163,06
27,58936,017,08
27,59098,127,07
27,59116,015,01
27,59152,159,08
27,59188,121,07
27,59314,025,08
27,59350,139,02
27,59566,107,07
27,59620,091,01
27,59782,029,07
27,59998,123,04
27,60016,053,03
27,60250,075,08
27,60322,171,06
27,60376,085,07
27,60754,013,01
27,60808,101,07
27,60844,015,01
27,61006,097,08
27,61114,007,07
27,61204,137,08
27,61308,029,07
27,61402,171,06
27,61492,037,02
27,61690,067,07
27,61816,015,01
27,61852,055,01
27,61888,145,07
27,61996,003,05
27,61996,123,04
27,62014,053,03
27,62104,045,01
27,62284,061,08
27,62320,025,08
27,62356,059,08
27,62446,153,07
27,62446,159,08
27,62500,121,07
27,62662,133,01
27,62698,089,07
27,62788,085,07
27,62806,109,01
27,62824,163,04
27,62896,169,01
27,63022,033,07
27,63112,089,07
27,63130,135,07
27,63220,115,08
27,63454,067,07
27,63544,037,02
27,63778,097,08
27,63778,153,07
27,64048,061,08
27,64156,001,08
27,64210,099,01
27,64264,083,07
27,64318,025,08
27,64426,167,07
27,64444,007,08
27,64543,101,07
27,64547,087,07
27,64570,113,07
27,64750,017,08
27,64948,155,07
27,65164,053,03
27,65272,137,08
27,65308,083,07
27,65344,119,07
27,65470,091,01
27,65506,035,08
27,65542,117,07
27,65668,091,01
27,65794,007,08
27,65920,047,01
27,65927,087,07
27,65938,107,07
27,65956,075,08
27,66046,081,07
27,66136,027,07
27,66172,111,07
27,66334,097,08
27,66388,111,07
27,66424,169,01
27,66460,123,04
27,66766,111,07
27,66802,037,02
27,66874,159,08
27,66910,013,01
27,66982,127,07
27,67036,019,03
27,67090,089,07
27,67144,121,07
27,67180,095,08
27,67216,111,07
27,67288,137,08
27,67378,157,02
27,67396,127,07
27,67432,019,06
27,67504,111,07
27,67504,159,08
27,67558,095,08
27,67612,145,06
27,67756,161,01
27,67792,021,08
27,67846,127,07
27,67900,043,01
27,67918,099,01
27,67972,049,02
27,68008,127,07
27,68080,061,08
27,68170,089,07
27,68224,135,07
27,68260,131,01
27,68296,161,01
27,68548,019,06
27,68584,079,01
27,68620,093,07
27,68656,023,07
27,68674,087,07
27,68764,171,06
27,68818,053,03
27,69070,091,01
27,69106,043,01
27,69142,051,07
27,69250,033,07
27,69304,039,01
27,69628,121,07
27,69690,087,07
27,69700,037,02
27,69736,153,07
27,69808,045,01
27,69844,155,07
27,69880,021,08
27,69970,123,04
27,69970,163,04
27,70006,005,07
27,70258,063,01
27,70366,163,04
27,70402,077,07
27,70420,067,07
27,70492,115,08
27,70582,105,01
27,70708,007,07
27,70798,033,07
27,70870,119,07
27,70924,043,01
27,71032,169,01
27,71086,085,07
27,71122,143,07
27,71140,137,08
27,71338,005,07
27,71392,167,07
27,71428,163,04
27,71446,173,07
27,71500,053,03
27,71680,117,07
27,71734,105,01
27,71788,017,08
27,71824,017,08
27,71950,045,01
27,72022,025,08
27,72184,061,08
27,72238,141,06
27,72310,157,02
27,72328,049,02
