MISSISSIPPI CONGRESSIONAL DISTRICTS BY PLACE
State,Place,County,CongressionalDistrict
28,00100,071,01
28,00180,095,01
28,00300,019,01
28,00680,021,02
28,00820,115,01
28,00940,011,02
28,01260,095,01
28,01500,125,02
28,01820,151,02
28,02060,073,04
28,02100,087,01
28,02140,009,01
28,02700,081,01
28,02700,117,01
28,03580,065,03
28,03620,107,02
28,03980,045,04
28,04060,061,03
28,04500,111,04
28,04540,029,02
28,04705,149,02
28,05100,141,01
28,05140,053,02
28,05220,011,02
28,05380,163,02
28,05820,011,02
28,06060,013,01
28,06180,059,04
28,06220,047,04
28,07060,139,01
28,07100,145,01
28,07330,069,03
28,07330,099,03
28,07340,085,03
28,07540,049,02
28,07780,117,01
28,08180,011,02
28,08300,121,03
28,08460,127,03
28,08655,033,01
28,08820,085,03
28,08980,103,03
28,09180,013,01
28,09380,153,04
28,09460,037,03
28,09820,141,01
28,10060,093,01
28,10140,049,02
28,10460,087,01
28,10580,013,01
28,11100,089,02
28,11100,089,03
28,11580,015,02
28,11780,079,02
28,11820,125,02
28,12740,005,03
28,12740,157,03
28,12900,135,02
28,13580,101,03
28,13700,153,04
28,13820,027,02
28,14140,121,03
28,14260,011,02
28,14420,049,02
28,14540,001,03
28,14580,027,02
28,14740,161,02
28,14900,137,01
28,15140,031,03
28,15180,075,03
28,15340,091,04
28,15380,087,01
28,15420,087,01
28,15500,107,02
28,15540,101,03
28,15700,003,01
28,15980,107,02
28,16420,087,01
28,16460,107,02
28,16460,119,02
28,16620,005,03
28,16620,157,03
28,16940,107,02
28,16940,119,02
28,16980,051,02
28,17060,029,02
28,17700,119,02
28,18180,101,03
28,18340,069,03
28,18420,047,04
28,18940,013,01
28,19100,045,04
28,19180,047,04
28,19340,127,03
28,19420,133,02
28,20020,133,02
28,20260,097,02
28,20340,139,01
28,20380,011,02
28,20500,051,02
28,21340,115,01
28,21420,163,02
28,21580,049,02
28,21940,043,02
28,22020,067,04
28,22580,023,03
28,22900,059,04
28,23220,007,02
28,23420,155,01
28,24180,119,02
28,24220,139,01
28,24420,003,01
28,24460,027,02
28,24500,063,02
28,24940,089,02
28,24940,089,03
28,24980,121,03
28,25100,121,03
28,25340,123,03
28,25740,091,04
28,26020,019,01
28,26060,027,02
28,26300,057,01
28,26780,095,01
28,26860,059,04
28,26980,029,02
28,27540,003,01
28,27620,035,04
28,27660,135,02
28,27820,005,03
28,27940,141,01
28,28220,051,02
28,29180,151,02
28,29340,083,02
28,29460,043,02
28,29620,059,04
28,29660,059,04
28,29700,047,04
28,29900,011,02
28,29940,081,01
28,30220,095,01
28,30980,095,01
28,31020,035,04
28,31020,073,04
28,31220,029,02
28,31420,061,03
28,31460,059,04
28,31540,047,04
28,31780,033,01
28,31980,101,03
28,32020,009,01
28,32110,109,04
28,32460,123,03
28,32820,043,02
28,32900,151,02
28,33100,093,01
28,33700,033,01
28,33900,017,01
28,34340,059,04
28,34740,133,02
28,35020,133,02
28,35220,053,02
28,35260,083,02
28,35300,141,01
28,36000,049,02
28,36000,049,03
28,36000,089,02
28,36000,089,03
28,36000,121,03
28,36800,027,02
28,37040,117,01
28,37190,089,02
28,37560,097,02
28,37600,045,04
28,38320,007,02
28,38360,003,01
28,38600,101,03
28,38600,123,03
28,39080,119,02
28,39520,059,04
28,39600,075,03
28,39640,067,04
28,39840,041,04
28,39880,049,02
28,40280,151,02
28,40360,079,02
28,40600,051,02
28,40640,005,03
28,41680,047,04
28,42200,061,03
28,42240,053,02
28,42280,159,01
28,42440,039,04
28,42600,027,02
28,42640,073,04
28,42640,109,04
28,42800,047,04
28,42840,033,01
28,42960,027,02
28,42980,105,01
28,42980,155,01
28,43280,113,03
28,43400,007,02
28,43840,041,04
28,44240,103,03
28,44520,089,03
28,44600,127,03
28,44680,113,03
28,44920,057,01
28,44960,155,01
28,45120,117,01
28,45160,075,03
28,45240,119,02
28,45720,019,01
28,45720,155,01
28,46000,055,02
28,46200,037,03
28,46600,127,03
28,46640,075,03
28,46680,075,03
28,46720,011,02
28,46880,151,02
28,48030,105,03
28,48120,083,02
28,48240,129,03
28,48560,077,03
28,48640,061,03
28,48720,081,01
28,48760,133,02
28,48800,083,02
28,48880,001,03
28,49080,123,03
28,49240,059,04
28,49320,011,02
28,49520,031,03
28,50280,145,01
28,50440,001,03
28,50720,075,03
28,50880,081,01
28,50880,095,01
28,51000,145,01
28,51040,111,04
28,51240,095,01
28,51360,077,03
28,51400,087,01
28,51420,017,01
28,51720,101,03
28,51840,109,04
28,52400,015,02
28,52680,143,02
28,52880,159,01
28,53200,161,02
28,53520,059,04
28,53680,017,01
28,54040,033,01
28,54640,113,03
28,54840,071,01
28,54920,011,02
28,54960,023,03
28,55000,141,01
28,55360,059,04
28,55400,047,04
28,55760,121,03
28,55920,045,04
28,55930,099,03
28,56200,121,03
28,56800,035,04
28,56960,099,03
28,57160,109,04
28,57200,051,02
28,58360,013,01
28,58440,081,01
28,58960,129,03
28,59160,115,01
28,59240,107,02
28,59480,109,04
28,59560,021,02
28,59720,093,01
28,59920,065,03
28,60360,121,03
28,60480,073,04
28,60720,023,03
28,60840,129,03
28,61080,035,04
28,61160,049,02
28,61400,079,02
28,61890,011,02
28,62400,121,03
28,62480,111,04
28,62520,089,02
28,62520,089,03
28,62560,003,01
28,62600,139,01
28,62900,121,03
28,63560,125,02
28,63720,011,02
28,64080,037,03
28,64200,133,02
28,64680,059,04
28,64800,007,02
28,64840,081,01
28,64920,067,04
28,65560,107,02
28,65680,163,02
28,65720,047,04
28,66080,083,02
28,66160,069,03
28,66280,079,02
28,66280,123,03
28,66400,031,03
28,66440,137,01
28,66720,081,01
28,66840,067,04
28,67000,011,02
28,67000,133,02
28,67040,011,02
28,67200,081,01
28,67200,115,01
28,67200,145,01
28,67520,023,04
28,67640,103,03
28,67840,083,02
28,67920,053,02
28,67960,077,03
28,68320,013,01
28,68400,119,02
28,68720,095,01
28,68960,009,01
28,69160,067,04
28,69280,033,01
28,70120,079,02
28,70240,105,03
28,70320,041,04
28,70320,153,04
28,70760,023,03
28,71320,105,01
28,71480,113,03
28,71520,135,02
28,71560,073,04
28,71600,133,02
28,72040,129,03
28,72360,071,01
28,72400,129,03
28,72440,051,02
28,72680,049,02
28,72760,115,01
28,73440,161,02
28,73720,141,01
28,73760,115,01
28,73880,075,03
28,74400,057,01
28,74675,099,03
28,74760,143,02
28,74820,143,02
28,74840,081,01
28,75040,135,02
28,75160,147,03
28,75360,099,03
28,75360,101,03
28,75520,071,01
28,75760,049,02
28,75880,015,02
28,76200,059,04
28,76320,013,01
28,76560,081,01
28,76720,149,02
28,77080,059,04
28,77400,033,01
28,77480,139,01
28,77520,079,02
28,77640,155,01
28,78000,161,02
28,78200,045,04
28,78360,153,04
28,78480,135,02
28,78520,019,01
28,78640,029,02
28,78640,085,03
28,78680,051,02
28,78890,073,04
28,79120,025,01
28,79620,143,02
28,80160,131,04
28,80760,097,02
28,80800,011,02
28,81000,017,01
28,81120,157,03
28,81520,163,02
