MISSOURI CONGRESSIONAL DISTRICTS BY PLACE
State,Place,County/IndependentCity,CongressionalDistrict
29,00244,013,04
29,00262,207,08
29,00280,189,02
29,00298,021,06
29,00424,097,07
29,00496,097,07
29,00514,075,06
29,00568,167,07
29,00604,045,06
29,00712,227,06
29,00748,031,08
29,00802,107,05
29,00910,061,06
29,00928,157,08
29,00964,149,08
29,01018,003,06
29,01054,063,06
29,01072,013,04
29,01090,013,04
29,01198,119,07
29,01252,163,06
29,01270,093,08
29,01288,133,08
29,01522,185,04
29,01576,199,06
29,01630,069,08
29,01648,093,08
29,01702,037,04
29,01720,057,04
29,01828,125,03
29,01828,151,03
29,01864,147,06
29,01954,089,04
29,01972,099,02
29,02034,009,07
29,02044,195,05
29,02098,097,07
29,02152,163,06
29,02188,077,07
29,02242,019,04
29,02260,163,06
29,02422,121,06
29,02512,183,03
29,02530,107,05
29,02548,109,07
29,02638,027,03
29,02674,067,08
29,02746,097,07
29,02800,047,05
29,02962,131,03
29,03034,207,08
29,03052,153,08
29,03124,037,04
29,03160,189,02
29,03322,103,06
29,03340,147,06
29,03376,141,04
29,03394,099,03
29,03556,107,05
29,03592,077,07
29,04114,189,01
29,04132,207,08
29,04150,125,03
29,04150,151,03
29,04222,189,01
29,04240,189,01
29,04330,139,03
29,04348,189,01
29,04366,189,01
29,04384,037,04
29,04525,059,04
29,04525,105,04
29,04798,201,08
29,04834,007,04
29,04888,071,03
29,04906,189,01
29,04960,207,08
29,04996,133,08
29,05068,081,06
29,05104,205,06
29,05248,189,01
29,05266,121,06
29,05320,157,08
29,05464,087,06
29,05495,087,06
29,05608,139,03
29,05626,043,07
29,05734,203,08
29,05824,047,05
29,05878,187,08
29,05950,107,05
29,05950,195,05
29,06004,189,01
29,06148,053,04
29,06238,083,04
29,06247,005,06
29,06256,073,03
29,06256,151,03
29,06346,201,08
29,06382,207,08
29,06454,186,08
29,06526,209,07
29,06652,095,05
29,06652,095,06
29,06742,081,06
29,06832,033,06
29,06922,003,06
29,06976,167,07
29,07102,187,08
29,07318,053,04
29,07426,033,06
29,07534,055,08
29,07660,163,06
29,07876,155,08
29,07948,091,08
29,07966,209,07
29,07966,213,07
29,07989,209,07
29,08002,001,06
29,08038,025,06
29,08128,025,06
29,08164,189,01
29,08236,189,01
29,08236,189,02
29,08272,157,08
29,08398,189,01
29,08398,189,02
29,08470,079,06
29,08614,217,04
29,08650,115,06
29,08776,097,07
29,08884,115,06
29,08884,211,06
29,08902,083,04
29,08974,131,03
29,09046,041,06
29,09388,115,06
29,09424,095,06
29,09514,059,04
29,09642,213,07
29,09658,053,04
29,09694,065,08
29,09694,179,08
29,09802,011,04
29,09838,147,06
29,10054,013,04
29,10144,009,07
29,10240,099,03
29,10288,215,08
29,10342,081,06
29,10360,175,04
29,10432,221,08
29,10450,083,04
29,10468,135,04
29,10486,121,06
29,10612,189,01
29,10738,177,05
29,10792,165,06
29,10810,029,03
29,10828,049,06
29,10828,063,06
29,10864,069,08
29,11026,143,08
29,11134,111,06
29,11242,031,08
29,11242,201,08
29,11350,069,08
29,11368,097,07
29,11566,033,06
29,11638,097,07
29,11656,097,07
29,11692,155,08
29,11728,097,07
29,11890,009,07
29,11908,189,01
29,12052,143,08
29,12079,113,03
29,12358,099,03
29,12376,099,08
29,12592,173,06
29,12664,051,03
29,12682,101,04
29,12718,179,08
29,12898,007,04
29,12898,019,04
29,12988,201,08
29,13006,113,03
29,13015,009,07
29,13060,151,03
29,13078,189,02
29,13330,189,01
29,13366,133,08
29,13474,123,08
29,13582,109,07
29,13600,189,02
29,13654,101,04
29,13690,117,06
29,13852,117,06
29,13978,205,06
29,14068,019,04
29,14068,175,04
29,14140,135,04
29,14158,063,06
29,14176,189,02
29,14194,163,06
29,14212,069,08
29,14554,047,05
29,14554,047,06
29,14572,189,01
29,14572,189,02
29,14662,147,06
29,14770,037,04
29,14788,043,07
29,14806,145,07
29,14896,175,04
29,14914,015,04
29,14914,029,04
29,14986,083,04
29,15130,147,06
29,15220,123,08
29,15274,061,06
29,15436,015,04
29,15562,185,04
29,15670,019,04
29,15760,201,08
29,15886,147,06
29,15922,147,06
29,16030,189,02
29,16102,107,05
29,16115,209,07
29,16192,105,04
29,16228,189,01
29,16336,155,08
29,16408,107,05
29,16462,087,06
29,16588,003,06
29,16678,183,02
29,16678,183,03
29,16802,003,06
29,16822,189,01
29,16876,189,02
29,16984,025,06
29,17056,087,06
29,17074,209,07
29,17164,037,04
29,17218,189,02
29,17272,189,01
29,17272,189,02
29,17344,169,04
29,17524,085,04
29,17632,099,03
29,17632,099,08
29,17650,189,02
29,17660,177,05
29,17668,055,08
29,17902,163,06
29,17992,057,04
29,18118,041,06
29,18190,139,03
29,18253,183,02
29,18253,183,03
29,18316,075,06
29,18496,117,06
29,18658,021,06
29,18658,165,06
29,18730,083,04
29,18802,217,04
29,18910,183,03
29,18946,021,06
29,19018,189,01
29,19072,031,08
29,19090,145,07
29,19162,227,06
29,19198,093,08
29,19216,187,08
29,19252,099,08
29,19270,189,02
29,19378,033,06
29,19396,207,08
29,19432,145,07
29,19486,201,08
29,19504,225,04
29,19630,169,04
29,19684,187,08
29,19792,181,08
29,19828,161,08
29,19918,107,05
29,19990,197,06
29,20134,013,04
29,20134,037,04
29,20296,207,08
29,20314,097,07
29,20512,097,07
29,20566,031,08
29,20656,009,07
29,20674,081,06
29,20980,037,04
29,21034,021,06
29,21052,133,08
29,21214,161,08
29,21250,165,06
29,21322,103,06
29,21340,079,06
29,21376,189,01
29,21484,131,03
29,21502,039,04
29,21844,179,08
29,21898,189,02
29,21916,035,08
29,21988,121,06
29,22006,177,05
29,22024,147,06
29,22114,113,03
29,22250,009,07
29,22276,203,08
29,22312,107,05
29,22312,195,05
29,22474,163,06
29,22600,207,08
29,22672,121,06
29,22834,189,02
29,22951,105,04
29,22996,057,04
29,23032,111,06
29,23050,121,06
29,23077,047,06
29,23077,177,05
29,23086,047,06
29,23086,177,05
29,23122,009,07
29,23248,023,08
29,23248,181,08
29,23266,005,06
29,23338,077,07
29,23428,167,07
29,23518,145,07
29,23662,007,06
29,23698,165,06
29,23752,187,08
29,23842,089,04
29,23950,189,02
29,23986,189,01
29,24058,165,06
29,24094,099,03
29,24094,099,08
29,24120,097,07
29,24184,003,06
29,24328,023,08
29,24562,177,05
29,24580,167,07
29,24688,183,03
29,24706,189,01
29,24760,137,06
29,24778,189,01
29,24886,113,03
29,25012,225,07
29,25066,087,06
29,25120,183,03
29,25120,219,03
29,25192,213,07
29,25228,087,06
29,25264,169,04
29,25372,013,04
29,25411,113,03
29,25516,187,08
29,25552,163,06
29,25624,089,04
29,25768,123,08
29,25822,151,03
29,25894,037,04
29,25912,109,07
29,25948,035,08
29,25957,043,07
29,26092,157,08
29,26110,189,02
29,26182,027,03
29,26218,153,08
29,26254,209,07
29,26308,061,06
29,26362,079,06
29,26434,037,04
29,26578,073,03
29,26776,075,06
29,26866,071,03
29,26902,185,04
29,26920,001,06
29,26974,143,08
29,27028,195,05
29,27064,061,06
29,27064,081,06
29,27100,119,07
29,27190,047,05
29,27190,047,06
29,27208,041,06
29,27208,089,04
29,27226,189,01
29,27262,047,06
29,27280,017,08
29,27334,189,01
29,27334,189,02
29,27370,189,01
29,27514,197,06
29,27658,009,07
29,27676,011,04
29,27874,119,07
29,27900,167,07
29,27928,031,08
29,28000,137,06
29,28036,021,06
29,28036,049,06
29,28072,147,06
29,28090,095,05
29,28090,095,06
29,28108,145,07
29,28170,145,07
29,28180,035,08
29,28198,195,05
29,28324,095,05
29,28360,199,06
29,28594,227,06
29,28630,189,02
29,28828,141,04
29,28860,186,08
29,28864,207,08
29,28918,071,03
29,29116,211,06
29,29134,211,06
29,29152,189,01
29,29206,057,04
29,29324,189,02
29,29332,159,04
29,29422,001,06
29,29422,197,06
29,29476,223,08
29,29494,095,05
29,29692,147,06
29,29764,037,04
29,29908,033,06
29,29962,167,07
29,29998,019,04
29,30016,109,07
29,30034,025,06
29,30196,189,01
29,30214,127,06
29,30214,173,06
29,30322,177,05
29,30466,211,06
29,30484,019,04
29,30610,037,04
29,30718,019,04
29,30754,229,08
29,30772,083,04
29,30844,023,08
29,30862,217,04
29,31024,113,03
29,31132,155,08
29,31168,155,08
29,31186,155,08
29,31204,201,08
29,31276,189,01
29,31654,177,05
29,31708,099,03
29,31762,073,03
29,31780,085,04
29,31924,175,04
29,31960,107,05
29,31996,139,03
29,32068,043,07
29,32140,099,03
29,32248,099,08
29,32266,189,01
29,32410,109,07
29,32536,069,08
29,32572,101,04
29,32590,155,08
29,32626,137,06
29,32662,213,07
29,32752,047,06
29,32752,049,06
29,32770,027,03
29,32806,177,05
29,32824,155,08
29,33004,147,06
29,33040,099,03
29,33076,069,08
29,33238,215,08
29,33256,159,04
29,33292,165,06
29,33364,143,08
29,33652,159,04
29,33706,167,07
29,33724,013,04
29,33742,211,06
29,33760,205,06
29,33778,035,08
29,33850,189,02
29,33868,019,04
29,33886,175,04
29,33904,103,06
29,33922,209,07
29,34210,165,06
29,34228,131,03
29,34354,099,03
29,35000,047,05
29,35000,095,05
29,35000,095,06
29,35186,209,07
29,35240,219,03
29,35306,015,04
29,35306,159,04
29,35324,227,06
29,35396,221,08
29,35450,187,08
29,35468,093,08
29,35486,011,04
29,35648,031,08
29,36224,175,04
29,36314,061,06
29,36332,061,06
29,36368,135,04
29,36512,097,07
29,37000,027,03
29,37000,051,03
29,37178,189,01
29,37214,039,04
29,37574,139,03
29,37592,097,07
29,37592,145,07
29,37700,183,03
29,37736,123,08
29,37790,045,06
29,38000,037,04
29,38000,047,05
29,38000,047,06
29,38000,095,05
29,38000,165,06
29,38072,047,06
29,38216,201,08
29,38306,069,08
29,38468,041,06
29,38522,025,06
29,38612,209,07
29,38684,099,03
29,38774,075,06
29,38792,027,03
29,38846,025,06
29,38918,101,04
29,38972,189,01
29,39008,213,07
29,39026,001,06
29,39044,189,02
29,39080,213,07
29,39188,101,04
29,39278,103,06
29,39440,149,08
29,39503,099,03
29,39512,111,06
29,39566,115,06
29,39602,007,06
29,39638,083,04
29,39656,189,02
29,39764,111,06
29,39845,037,04
29,39952,107,05
29,39980,095,05
29,39980,095,06
29,39990,027,03
29,40034,029,03
29,40034,131,03
29,40043,183,02
29,40043,183,03
29,40088,189,02
29,40142,131,03
29,40196,095,05
29,40196,095,06
29,40214,099,03
29,40304,061,06
29,40322,165,06
29,40340,037,04
29,40376,011,04
29,40430,011,04
29,40448,201,08
29,40520,159,04
29,40592,119,07
29,40610,197,06
29,40682,121,06
29,40736,079,06
29,40790,097,07
29,40826,049,06
29,40880,101,04
29,40916,029,04
29,40916,141,04
29,40988,047,06
29,40988,177,05
29,41024,187,08
29,41078,187,08
29,41114,055,08
29,41132,145,07
29,41168,105,04
29,41348,037,04
29,41348,095,05
29,41348,095,06
29,41402,101,04
29,41417,079,06
29,41438,189,01
29,41438,189,02
29,41546,205,06
29,41690,071,03
29,41762,095,06
29,41834,021,06
29,41852,111,06
29,41870,107,05
29,41906,011,04
29,42032,047,06
29,42464,215,08
29,42536,143,08
29,42608,015,04
29,43238,151,03
29,43274,029,03
29,43292,115,06
29,43346,157,08
29,43454,171,06
29,43468,037,04
29,43472,061,06
29,43490,057,04
29,43652,051,03
29,43672,145,07
29,43760,095,05
29,43940,157,08
29,44156,059,04
29,44174,163,06
29,44282,185,04
29,44372,171,06
29,44390,117,06
29,44498,135,04
29,44516,045,06
29,44768,019,04
29,44829,209,07
29,45020,075,06
29,45110,189,02
29,45200,139,03
29,45218,029,04
29,45326,121,06
29,45470,137,06
29,45596,087,06
29,45614,069,08
29,45632,195,05
29,45668,189,02
29,45740,229,08
29,45830,189,01
29,45830,189,02
29,45848,017,08
29,45866,041,06
29,45866,115,06
29,46172,109,07
29,46208,189,02
29,46244,123,08
29,46316,195,05
29,46388,225,04
29,46406,143,08
29,46424,219,03
29,46460,007,04
29,46586,189,01
29,46586,189,02
29,46640,147,06
29,46730,143,08
29,46946,063,06
29,46964,107,05
29,47036,115,06
29,47180,189,02
29,47270,199,06
29,47288,041,06
29,47486,129,06
29,47520,213,07
29,47540,013,04
29,47594,151,03
29,47612,217,04
29,47648,007,04
29,47684,195,05
29,47900,139,03
29,48062,211,06
29,48098,011,04
29,48134,001,06
29,48242,109,07
29,48386,223,08
29,48476,217,04
29,48566,011,04
29,48602,123,08
29,48656,133,08
29,48656,201,08
29,48710,221,08
29,48880,071,03
29,48980,047,06
29,49034,175,04
29,49070,027,03
29,49088,189,01
29,49196,009,07
29,49196,109,07
29,49394,127,06
29,49394,137,06
29,49394,173,06
29,49574,139,03
29,49592,111,06
29,49610,203,08
29,49664,083,04
29,49790,117,06
29,49898,143,08
29,49988,201,08
29,50060,073,03
29,50078,167,07
29,50168,047,06
29,50204,113,03
29,50312,087,06
29,50330,217,04
29,50402,215,08
29,50402,229,08
29,50438,091,08
29,50510,195,05
29,50528,081,06
29,50672,109,07
29,50834,099,02
29,51140,107,05
29,51302,181,08
29,51356,097,07
29,51446,023,08
29,51500,195,05
29,51572,145,07
29,51644,217,04
29,51662,103,06
29,51680,027,03
29,51716,161,08
29,51734,121,06
29,51770,139,03
29,51824,089,04
29,51860,081,06
29,51914,071,03
29,52058,173,06
29,52076,143,08
29,52148,183,03
29,52292,145,07
29,52328,211,06
29,52418,225,04
29,52616,043,07
29,52742,119,07
29,52760,033,06
29,52796,189,01
29,53102,047,05
29,53102,047,06
29,53138,143,08
29,53174,165,06
29,53408,189,01
29,53454,229,08
29,53462,189,01
29,53516,103,06
29,53534,001,06
29,53624,095,05
29,53624,095,06
29,53624,107,05
29,53650,071,03
29,53750,189,02
29,53786,031,08
29,53804,047,05
29,53858,047,05
29,53876,189,02
29,53894,047,05
29,53948,047,05
29,54038,107,05
29,54074,183,02
29,54074,183,03
29,54200,031,08
29,54352,189,01
29,54416,113,03
29,54560,131,03
29,54650,189,01
29,54650,189,02
29,54686,099,08
29,54758,201,08
29,54848,087,06
29,54920,097,07
29,54938,177,05
29,55244,029,03
29,55244,131,03
29,55352,049,06
29,55352,063,06
29,55388,185,04
29,55424,211,06
29,55478,053,04
29,55550,189,01
29,55640,073,03
29,55694,181,08
29,55766,043,07
29,55892,186,08
29,55910,071,03
29,55910,189,02
29,55964,189,01
29,56036,127,06
29,56144,137,06
29,56226,099,03
29,56272,187,08
29,56288,165,06
29,56306,071,03
29,56342,143,08
29,56360,147,06
29,56396,189,01
29,56414,189,01
29,56432,155,08
29,56468,013,04
29,56558,061,06
29,56612,163,06
29,56620,099,03
29,56756,037,04
29,56882,219,03
29,56900,207,08
29,57080,173,06
29,57116,157,08
29,57278,099,03
29,57332,005,06
29,57368,105,04
29,57404,147,06
29,57422,223,08
29,57494,009,07
29,57494,109,07
29,57512,019,04
29,57602,053,04
29,57656,093,08
29,57800,189,01
29,57818,119,07
29,57926,133,08
29,58088,215,08
29,58178,165,06
29,58196,165,06
29,58250,049,06
29,58394,037,04
29,58394,095,05
29,58448,167,07
29,58520,047,06
29,58574,103,06
29,58628,031,08
29,58898,211,06
29,58916,025,06
29,58934,091,08
29,59060,153,08
29,59096,023,08
29,59150,183,03
29,59186,143,08
29,59186,155,08
29,59330,221,08
29,59420,171,06
29,59726,053,04
29,59816,047,06
29,59870,085,04
29,59942,129,06
29,60140,097,07
29,60158,115,06
29,60176,009,07
29,60284,207,08
29,60356,197,06
29,60410,147,06
29,60428,023,08
29,60590,047,05
29,60644,129,06
29,60716,147,06
29,60734,215,08
29,60752,037,04
29,60788,095,05
29,60824,177,05
29,60842,003,06
29,60986,145,07
29,61094,097,07
29,61112,209,07
29,61166,175,04
29,61184,173,06
29,61238,043,07
29,61238,077,07
29,61292,045,06
29,61328,139,03
29,61364,217,04
29,61418,013,04
29,61562,029,04
29,61562,105,04
29,61562,169,04
29,61670,177,05
29,61706,189,01
29,61706,189,02
29,61886,165,06
29,61904,081,06
29,61994,143,08
29,62030,145,07
29,62056,095,05
29,62156,165,06
29,62192,189,01
29,62210,037,04
29,62228,069,08
29,62498,019,04
29,62570,213,07
29,62660,189,01
29,62660,189,02
29,62696,005,06
29,62786,013,04
29,62894,077,07
29,62894,225,07
29,62912,161,08
29,63074,185,04
29,63110,073,03
29,63200,003,06
29,63236,041,06
29,63560,007,06
29,63596,021,06
29,63704,051,03
29,63776,199,06
29,63857,043,07
29,63857,213,07
29,63902,145,07
29,63956,189,01
29,63956,189,02
29,64082,183,02
29,64082,183,03
29,64136,071,03
29,64154,163,06
29,64172,055,08
29,64180,186,08
29,64190,131,03
29,64244,045,06
29,64370,189,02
29,64424,161,08
29,64478,189,01
29,64550,021,06
29,65000,510,01
29,65018,051,03
29,65034,186,08
29,65108,183,03
29,65126,183,02
29,65126,183,03
29,65144,169,04
29,65162,051,03
29,65234,065,08
29,65450,041,06
29,65954,189,02
29,65990,097,07
29,66044,003,06
29,66134,217,04
29,66337,099,03
29,66368,031,08
29,66368,201,08
29,66440,159,04
29,66476,017,08
29,66530,009,07
29,66638,069,08
29,66674,145,07
29,66800,225,04
29,67178,205,06
29,67196,205,06
29,67214,217,04
29,67232,009,07
29,67232,209,07
29,67358,227,06
29,67628,145,07
29,67632,145,07
29,67700,189,01
29,67700,189,02
29,67718,095,06
29,67790,143,08
29,67790,201,08
29,67808,113,03
29,67880,145,07
29,68132,147,06
29,68204,195,05
29,68384,159,04
29,68420,047,06
29,68420,165,06
29,68762,091,08
29,68852,121,06
29,68870,199,06
29,68888,057,04
29,68942,129,06
29,69230,119,07
29,69266,189,01
29,69302,043,07
29,69464,079,06
29,69518,043,07
29,70000,043,07
29,70000,077,07
29,70270,075,06
29,70414,145,07
29,70558,155,08
29,70576,055,08
29,70648,145,07
29,70738,063,06
29,70828,039,04
29,70954,217,04
29,70990,109,07
29,71008,029,04
29,71008,105,04
29,71026,137,06
29,71044,141,04
29,71062,077,07
29,71098,037,04
29,71224,019,04
29,71368,047,05
29,71368,047,06
29,71368,095,05
29,71440,055,08
29,71440,071,03
29,71512,203,08
29,71512,215,08
29,71620,041,06
29,71628,153,08
29,71728,029,03
29,71728,141,04
29,71746,189,02
29,71890,195,05
29,72034,189,01
29,72106,141,04
29,72196,143,08
29,72232,213,07
29,72304,051,03
29,72340,005,06
29,72376,163,06
29,72780,187,08
29,72826,149,08
29,72898,153,08
29,73006,149,08
29,73127,219,03
29,73240,083,04
29,73330,033,06
29,73348,079,06
29,73420,135,04
29,73618,189,02
29,73690,165,06
29,73816,079,06
29,73852,049,06
29,73870,041,06
29,73942,113,03
29,73978,219,03
29,74014,113,03
29,74176,049,06
29,74194,131,03
29,74284,189,02
29,74473,039,04
29,74626,071,03
29,75130,063,06
29,75166,171,06
29,75202,095,05
29,75220,189,01
29,75238,189,01
29,75310,059,04
29,75346,083,04
29,75364,117,06
29,75472,189,02
29,75580,035,08
29,75688,007,06
29,75688,173,06
29,75706,007,04
29,75724,201,08
29,75796,189,01
29,75814,189,01
29,75886,109,07
29,75922,141,04
29,76012,093,08
29,76102,125,03
29,76157,029,03
29,76192,071,03
29,76246,189,01
29,76264,189,01
29,76390,185,04
29,76444,097,07
29,76660,217,04
29,76840,077,07
29,76966,155,08
29,77002,051,03
29,77092,101,04
29,77128,219,03
29,77146,015,04
29,77182,189,02
29,77200,009,07
29,77416,071,03
29,77794,153,08
29,77848,005,06
29,77866,107,05
29,77920,045,06
29,77992,169,04
29,78028,063,06
29,78046,165,06
29,78064,085,04
29,78118,097,07
29,78154,189,01
29,78154,189,02
29,78226,186,08
29,78314,183,02
29,78334,183,02
29,78352,107,05
29,78370,189,01
29,78406,139,03
29,78424,145,07
29,78442,183,03
29,78514,183,03
29,78622,005,06
29,78838,037,04
29,78856,165,06
29,78910,151,03
29,78928,091,08
29,79000,055,08
29,79054,189,02
29,79090,085,04
29,79126,009,07
29,79180,117,06
29,79432,101,04
29,79558,113,03
29,79612,031,08
29,79756,189,02
29,79820,189,02
29,79882,077,07
29,80026,223,08
29,80098,091,08
29,80260,133,08
29,80314,189,02
29,80350,083,04
29,80350,159,04
29,80380,053,04
29,80422,113,03
29,80440,211,06
29,80512,203,08
29,80548,061,06
29,80767,177,05
29,80962,189,01
29,81016,053,04
29,81070,227,06
29,81088,187,08
29,81106,171,06
29,81124,219,03
29,81142,045,06
29,81178,133,08
29,81430,017,08
