NEBRASKA CONGRESSIONAL DISTRICTS BY PLACE
State,Place,County,CongressionalDistrict
31,00205,023,01
31,00240,067,03
31,00415,017,03
31,00555,011,03
31,00625,079,03
31,00730,169,03
31,00870,051,03
31,00905,013,03
31,00975,083,03
31,01150,025,01
31,01220,053,01
31,01290,019,03
31,01465,015,03
31,01500,041,03
31,01535,041,03
31,01780,065,03
31,01850,175,03
31,01920,121,03
31,01990,177,01
31,02095,041,03
31,02200,005,03
31,02305,155,01
31,02375,163,03
31,02480,027,03
31,02550,089,03
31,02620,137,03
31,02655,127,03
31,02690,081,03
31,02795,025,01
31,02830,099,03
31,02865,001,03
31,03005,039,01
31,03040,147,03
31,03075,067,03
31,03145,183,03
31,03180,145,03
31,03215,149,03
31,03250,119,01
31,03285,123,03
31,03355,107,03
31,03390,067,03
31,03495,065,03
31,03530,159,01
31,03600,159,01
31,03635,039,01
31,03775,027,03
31,03810,125,03
31,03950,153,01
31,03950,153,02
31,04020,023,01
31,04055,101,03
31,04160,169,03
31,04195,185,03
31,04230,057,03
31,04300,109,01
31,04405,055,02
31,04545,013,03
31,04615,137,03
31,04650,041,03
31,04895,049,03
31,05140,181,03
31,05350,177,01
31,05455,107,03
31,05490,061,03
31,05560,181,03
31,05630,067,03
31,05980,027,03
31,06015,055,02
31,06050,185,03
31,06085,111,03
31,06120,023,01
31,06260,009,03
31,06295,123,03
31,06400,015,03
31,06470,123,03
31,06505,127,03
31,06610,041,03
31,06680,031,03
31,06750,127,03
31,06785,101,03
31,06820,169,03
31,06855,023,01
31,06890,003,03
31,07065,133,03
31,07205,131,01
31,07310,103,03
31,07345,071,03
31,07415,105,03
31,07485,015,03
31,07555,169,03
31,07625,079,03
31,07660,041,03
31,07730,065,03
31,07870,061,03
31,07975,169,03
31,08010,179,03
31,08150,155,01
31,08185,025,01
31,08220,011,03
31,08360,107,03
31,08535,121,03
31,08570,155,01
31,08605,045,03
31,08640,153,02
31,08675,089,03
31,08745,029,03
31,08780,121,03
31,08885,049,03
31,09095,169,03
31,09165,121,03
31,09200,037,01
31,09270,067,03
31,09375,035,03
31,09445,003,03
31,09655,161,03
31,09760,031,03
31,09865,027,03
31,10005,155,01
31,10110,141,01
31,10180,041,03
31,10250,051,03
31,10390,097,03
31,10495,159,01
31,10600,141,01
31,10635,067,03
31,10740,093,03
31,10985,181,03
31,11020,047,03
31,11055,097,03
31,11090,021,01
31,11195,045,03
31,11230,107,03
31,11300,141,01
31,11370,151,03
31,11440,107,03
31,11475,031,03
31,11615,087,03
31,11825,063,03
31,11860,093,03
31,12000,043,03
31,12070,033,03
31,12105,145,03
31,12140,093,03
31,12245,169,03
31,12280,109,01
31,12315,023,01
31,12420,147,03
31,12455,095,03
31,12525,021,01
31,12770,109,01
31,12840,169,03
31,12945,035,03
31,13015,151,03
31,13085,095,03
31,13190,105,03
31,13225,051,03
31,13295,053,01
31,13365,079,03
31,13435,151,03
31,13505,131,01
31,13750,133,03
31,13855,131,01
31,13890,141,01
31,13960,009,03
31,14065,023,01
31,14100,025,01
31,14380,047,03
31,14450,035,03
31,14520,065,03
31,14555,093,03
31,14730,003,03
31,14975,097,03
31,15360,019,03
31,15430,025,01
31,15500,135,03
31,15570,073,03
31,15605,175,03
31,15710,043,03
31,15710,051,01
31,15710,051,03
31,15710,173,01
31,15815,089,03
31,15885,029,03
31,15920,095,03
31,16025,183,03
31,16165,063,03
31,16270,089,03
31,16340,059,03
31,16410,095,03
31,16445,035,03
31,16550,059,03
31,16655,147,03
31,16725,047,03
31,16760,093,03
31,16830,067,03
31,16935,109,01
31,17040,177,01
31,17110,027,03
31,17145,177,01
31,17320,139,03
31,17530,061,03
31,17670,053,01
31,17775,151,03
31,17810,125,03
31,17880,137,03
31,17950,113,03
31,18230,159,01
31,18300,023,01
31,18405,059,03
31,18475,125,03
31,18580,157,03
31,18615,019,03
31,18720,169,03
31,18825,081,03
31,19070,035,03
31,19160,019,03
31,19245,159,01
31,19350,161,03
31,19385,047,03
31,19455,059,03
31,19595,079,03
31,19910,135,03
31,20050,077,03
31,20190,025,01
31,20225,185,03
31,20260,153,02
31,20295,015,03
31,20365,181,03
31,20435,033,03
31,20470,139,03
31,20540,057,03
31,20610,109,01
31,20680,009,03
31,20680,171,03
31,20750,085,03
31,20785,081,03
31,20960,095,03
31,20995,129,03
31,21030,007,03
31,21240,165,03
31,21275,027,03
31,21345,035,03
31,21415,001,03
31,21660,085,03
31,21730,161,03
31,21765,163,03
31,21835,099,03
31,21905,169,03
31,22045,013,03
31,22080,185,03
31,22115,065,03
31,22150,157,03
31,22185,177,01
31,22290,111,03
31,22325,109,01
31,22430,061,03
31,22605,065,03
31,22640,137,03
31,22780,067,03
31,22815,001,03
31,22920,043,03
31,23025,053,01
31,23200,081,03
31,23235,179,03
31,23270,093,03
31,23340,037,01
31,23375,043,03
31,23410,169,03
31,23445,147,03
31,23480,141,01
31,23550,083,03
31,23655,075,03
31,23690,029,03
31,23725,181,03
31,23830,145,03
31,23970,053,01
31,24055,035,03
31,24075,089,03
31,24285,155,01
31,24355,043,03
31,24530,095,03
31,24670,127,03
31,24740,017,03
31,24915,127,03
31,24950,001,03
31,25055,019,03
31,25160,001,03
31,25230,177,01
31,25335,101,03
31,25405,031,03
31,25475,105,03
31,25510,055,02
31,26150,141,01
31,26175,029,03
31,26315,153,01
31,26350,027,03
31,26385,153,02
31,26420,129,03
31,26455,145,03
31,26560,037,01
31,26595,101,03
31,26630,155,01
31,26805,069,03
31,26875,133,03
31,26910,047,03
31,26980,067,03
31,28000,109,01
31,28105,141,01
31,28140,107,03
31,28245,023,01
31,28315,069,03
31,28350,163,03
31,28420,033,03
31,29050,017,03
31,29085,137,03
31,29120,033,03
31,29155,011,03
31,29175,131,01
31,29260,025,01
31,29470,163,03
31,29645,185,03
31,29715,157,03
31,29750,015,03
31,29855,021,01
31,29925,145,03
31,29960,185,03
31,30030,157,03
31,30065,139,03
31,30170,173,01
31,30240,119,01
31,30275,135,03
31,30310,027,03
31,30345,109,01
31,30380,155,01
31,30415,025,01
31,30730,081,03
31,30905,101,03
31,30940,051,03
31,31045,051,03
31,31115,041,03
31,31150,057,03
31,31220,111,03
31,31325,063,03
31,31395,155,01
31,31465,119,01
31,31570,157,03
31,31640,155,01
31,31780,041,03
31,31815,031,03
31,32060,159,01
31,32130,019,03
31,32200,059,03
31,32305,157,03
31,32340,099,03
31,32410,157,03
31,32550,015,03
31,32585,141,01
31,32760,063,03
31,32830,157,03
31,32865,155,01
31,33250,091,03
31,33320,025,01
31,33425,025,01
31,33530,015,03
31,33565,061,03
31,33705,131,01
31,33740,025,01
31,33775,003,03
31,33880,129,03
31,33950,127,03
31,33985,031,03
31,34090,051,03
31,34230,119,01
31,34230,141,01
31,34265,149,03
31,34300,053,01
31,34370,107,03
31,34545,129,03
31,34615,119,01
31,34650,099,03
31,34720,053,01
31,34825,175,03
31,35000,111,03
31,35245,129,03
31,35385,003,03
31,35490,021,01
31,35560,027,03
31,35665,041,03
31,35700,023,01
31,35735,067,03
31,35770,019,03
31,35875,153,01
31,35980,101,03
31,36015,059,03
31,37000,055,02
31,37105,089,03
31,37140,035,03
31,37210,003,03
31,37280,175,03
31,37420,083,03
31,37525,143,01
31,37560,069,03
31,37595,139,03
31,37630,131,01
31,37735,081,03
31,37770,047,03
31,37910,065,03
31,37910,083,03
31,38085,089,03
31,38130,085,03
31,38130,087,03
31,38160,121,03
31,38190,131,01
31,38225,109,01
31,38295,153,02
31,38365,057,03
31,38575,133,03
31,38610,101,03
31,38750,173,01
31,38960,127,03
31,38995,011,03
31,39030,081,03
31,39065,067,03
31,39100,139,03
31,39135,167,01
31,39170,139,03
31,39310,141,01
31,39345,025,01
31,39380,159,01
31,39450,019,03
31,39590,095,03
31,39660,143,01
31,39695,051,03
31,39835,019,03
31,39870,033,03
31,39975,155,01
31,40325,147,03
31,40360,011,03
31,40430,001,03
31,40535,011,03
31,40570,083,03
31,40605,055,02
31,40675,027,03
31,40710,019,03
31,40780,109,01
31,40920,181,03
31,41130,083,03
31,41235,095,03
31,41340,153,02
31,41375,037,01
31,41480,023,01
31,41515,019,03
31,41760,061,03
31,41830,109,01
31,42075,163,03
31,42145,037,01
31,42250,173,01
31,42285,101,03
31,42355,001,03
31,42495,003,03
31,42670,147,03
31,42775,161,03
31,42810,129,03
31,43055,011,03
31,43090,027,03
31,43160,093,03
31,43265,093,03
31,43370,147,03
31,43475,107,03
31,43650,101,03
31,43685,041,03
31,43755,035,03
31,44035,037,01
31,44070,077,03
31,44245,157,03
31,44280,053,01
31,44385,171,03
31,44420,159,01
31,44595,143,01
31,44700,019,03
31,45085,059,03
31,45190,179,03
31,45225,147,03
31,45295,033,03
31,45400,121,03
31,45575,073,03
31,45610,053,01
31,45680,025,01
31,46030,043,03
31,46135,077,03
31,46275,015,03
31,46380,109,01
31,46520,153,02
31,46625,103,03
31,46695,083,03
31,46800,167,01
31,46835,159,01
31,46870,113,03
31,47010,095,03
31,47080,133,03
31,47115,147,03
31,47150,097,03
31,47220,081,03
31,47290,063,03
31,47360,059,03
31,47395,087,03
31,47465,143,01
31,47500,089,03
31,47675,047,03
31,47745,033,03
31,47815,129,03
31,47850,023,01
31,47920,111,03
31,47955,035,03
31,48060,151,03
31,48235,131,01
31,48270,133,03
31,48305,131,01
31,48340,159,01
31,48410,141,01
31,48445,115,03
31,48480,097,03
31,48515,021,01
31,48585,157,03
31,48690,185,03
31,48760,171,03
31,48900,173,01
31,48935,003,03
31,48935,119,01
31,49005,151,03
31,49145,087,03
31,49285,001,03
31,49285,035,03
31,49320,117,03
31,49425,053,01
31,49460,023,01
31,49530,131,01
31,49635,025,01
31,49880,061,03
31,49915,159,01
31,49950,031,03
31,50020,055,02
31,50125,155,01
31,50230,135,03
31,50265,055,02
31,50335,107,03
31,50370,107,03
31,50510,147,03
31,50790,067,03
31,50895,185,03
31,50965,155,01
31,51070,051,03
31,51070,179,03
31,51175,111,03
31,51245,173,01
31,51280,109,01
31,51350,155,01
31,51595,177,01
31,51630,051,03
31,51665,055,02
31,51700,029,03
31,51735,107,03
31,51770,109,01
31,51840,179,03
31,52015,025,01
31,52085,111,03
31,52295,151,03
31,52330,041,03
31,52540,155,01
31,52575,039,01
31,52855,161,03
31,52925,045,03
31,52960,151,03
31,52995,099,03
31,53205,047,03
31,53240,065,03
31,53275,173,01
31,53345,107,03
31,53380,179,03
31,53415,053,01
31,53450,039,01
31,53520,077,03
31,53555,031,03
31,53575,131,01
31,53580,167,01
31,53660,079,03
31,53835,067,03
31,53905,027,03
31,54020,109,01
31,54045,185,03
31,54115,155,01
