NEW JERSEY CONGRESSIONAL DISTRICTS BY PLACE
State,Place,County,CongressionalDistrict
34,00100,001,02
34,00640,041,05
34,00700,003,05
34,00730,025,06
34,00760,025,04
34,00790,025,04
34,00850,033,02
34,01030,041,07
34,01090,003,05
34,01300,041,05
34,01330,037,05
34,01480,019,07
34,01900,041,07
34,01960,025,06
34,01990,007,01
34,02080,001,02
34,02110,025,06
34,02200,007,01
34,02230,007,01
34,02320,009,02
34,02350,023,06
34,02440,025,04
34,02880,007,01
34,03040,029,03
34,03130,029,02
34,03250,007,01
34,03520,029,04
34,03580,017,08
34,03580,017,10
34,03940,029,02
34,04120,029,02
34,04180,029,03
34,04252,041,05
34,04400,015,01
34,04600,025,06
34,04630,035,07
34,04660,009,02
34,04750,007,01
34,04930,025,04
34,04990,041,05
34,05170,003,05
34,05440,007,01
34,05590,035,07
34,05740,005,03
34,06025,035,12
34,06040,007,01
34,06130,041,05
34,06190,035,07
34,06340,031,11
34,06370,019,07
34,06490,003,05
34,06610,027,11
34,06670,005,03
34,06790,035,12
34,06970,025,04
34,07000,035,07
34,07120,041,07
34,07300,037,05
34,07360,041,05
34,07600,011,02
34,07660,041,05
34,07750,025,04
34,07810,001,02
34,08020,041,07
34,08110,013,11
34,08140,041,05
34,08170,007,01
34,08455,005,03
34,08492,023,06
34,08492,023,12
34,08620,027,07
34,08680,001,02
34,08890,009,02
34,08920,005,03
34,09040,027,11
34,09100,041,05
34,09170,037,11
34,09250,013,11
34,09280,019,07
34,10000,007,01
34,10270,009,02
34,10300,009,02
34,10330,009,02
34,10480,003,09
34,10600,033,02
34,10750,023,06
34,11140,029,04
34,11155,029,04
34,11410,011,02
34,12100,027,11
34,12385,007,01
34,12550,007,01
34,12580,027,07
34,13360,015,02
34,13399,023,12
34,13420,007,01
34,13570,003,09
34,13630,025,06
34,13690,031,09
34,13720,019,07
34,13810,003,05
34,13990,035,12
34,14230,001,02
34,14260,007,01
34,14380,023,06
34,14590,041,05
34,14758,023,12
34,15160,001,02
34,15250,005,03
34,15520,023,12
34,15610,037,05
34,15820,003,09
34,15910,029,04
34,16630,023,12
34,16660,025,06
34,17200,041,05
34,17260,041,07
34,17530,003,05
34,17815,009,02
34,18070,027,07
34,18148,029,03
34,18151,029,03
34,18400,003,05
34,18490,023,12
34,19130,035,12
34,19150,025,04
34,19330,035,12
34,19360,017,08
34,19390,013,10
34,19490,035,12
34,19510,003,09
34,19840,025,04
34,19900,007,01
34,20020,003,09
34,20350,001,02
34,21000,039,08
34,21120,007,01
34,21240,033,02
34,21300,003,09
34,21420,001,02
34,21450,003,05
34,21480,003,09
34,21510,003,09
34,21570,025,04
34,21660,009,02
34,21840,013,11
34,21870,001,02
34,22440,025,04
34,22470,003,05
34,22530,011,02
34,22560,003,08
34,22740,025,04
34,22740,025,06
34,22860,039,12
34,22890,035,07
34,22950,025,04
34,23250,005,03
34,23310,035,07
34,23340,041,07
34,23700,019,07
34,23880,005,03
34,23910,027,11
34,23940,001,02
34,24030,023,06
34,24180,029,03
34,24300,005,03
34,24420,003,09
34,24930,037,05
34,24965,035,12
34,24990,003,05
34,25020,035,12
34,25200,025,04
34,25350,019,07
34,25770,003,09
34,25800,039,07
34,26070,007,01
34,26100,015,01
34,26340,015,01
34,26520,007,01
34,26550,019,07
34,26610,013,10
34,26640,003,05
34,26820,007,01
34,26902,007,01
34,27360,041,05
34,27840,035,07
34,27995,007,01
34,28250,041,07
34,28470,035,12
34,28620,021,04
34,28650,017,08
34,28680,003,05
34,28710,041,05
34,28770,007,01
34,28800,007,01
34,28920,041,05
34,29070,031,09
34,29220,037,05
34,29370,021,04
34,29430,001,02
34,29460,019,07
34,29520,033,02
34,29940,035,07
34,30060,041,07
34,30150,003,05
34,30210,017,08
34,30390,029,02
34,30420,003,09
34,30540,003,05
34,30570,031,09
34,30738,023,12
34,30840,023,12
34,31320,019,07
34,31405,037,05
34,31470,023,06
34,31500,025,06
34,31620,021,12
34,31920,003,05
34,32220,007,01
34,32250,017,08
34,32310,003,05
34,32415,029,03
34,32418,029,03
34,32424,029,03
34,32910,037,11
34,33030,041,05
34,33150,021,12
34,33690,041,07
34,34200,025,06
34,34470,023,06
34,34530,029,03
34,34890,023,12
34,36000,017,08
34,36000,017,10
34,36150,041,05
34,36300,005,03
34,36480,025,06
34,36510,017,08
34,36510,017,09
34,36660,023,12
34,36690,039,07
34,36720,027,07
34,36810,025,06
34,36930,023,12
34,36930,035,12
34,36960,007,01
34,37110,027,11
34,37560,025,04
34,37770,029,04
34,38040,037,11
34,38430,027,11
34,38580,029,04
34,38610,019,07
34,39120,011,02
34,39210,007,01
34,39360,023,06
34,39390,029,03
34,39420,007,01
34,39570,021,12
34,39630,019,07
34,39883,029,04
34,39885,005,03
34,39900,029,04
34,39910,029,04
34,39920,029,04
34,39990,025,06
34,40020,003,09
34,40290,027,11
34,40320,025,04
34,40350,039,10
34,40440,007,01
34,40530,001,02
34,40680,003,09
34,40770,025,04
34,41010,025,06
34,41100,003,05
34,41310,025,06
34,41370,001,02
34,41400,027,07
34,41495,041,07
34,42390,005,03
34,42510,027,11
34,42540,023,12
34,42630,007,01
34,42930,029,02
34,42930,029,03
34,43050,025,04
34,43380,029,03
34,43620,035,12
34,43890,001,02
34,43980,041,05
34,44100,005,03
34,44430,035,07
34,44520,025,06
34,44820,001,02
34,44880,003,05
34,45210,005,03
34,45330,027,11
34,45480,021,04
34,45510,007,01
34,45690,023,06
34,45870,035,12
34,45900,023,12
34,46110,003,05
34,46260,019,07
34,46590,035,07
34,46620,023,12
34,46680,011,02
34,47130,025,06
34,47190,023,12
34,47610,003,05
34,47700,003,09
34,47895,005,03
34,48030,025,06
34,48210,027,11
34,48300,027,11
34,48450,041,05
34,48480,027,11
34,48510,039,07
34,48690,027,07
34,48750,007,01
34,48840,041,05
34,49440,015,02
34,49560,029,02
34,49680,015,01
34,49740,025,06
34,49920,025,04
34,50130,027,07
34,51000,013,08
34,51000,013,10
34,51210,023,06
34,51360,029,04
34,51390,015,02
34,51660,003,05
34,51810,039,07
34,51930,037,05
34,52050,041,07
34,52320,003,09
34,52410,029,02
34,52620,013,11
34,52650,009,02
34,52950,001,02
34,53040,031,11
34,53205,025,06
34,53280,035,07
34,53430,003,05
34,53490,009,02
34,53610,003,05
34,53790,025,04
34,53850,003,05
34,53880,007,01
34,54060,015,01
34,54315,029,03
34,54360,009,02
34,54450,029,03
34,54480,025,04
34,54570,025,06
34,54660,037,11
34,54690,023,06
34,54690,023,12
34,54870,003,05
34,54960,033,02
34,54990,003,05
34,55500,041,05
34,55770,003,09
34,55800,005,01
34,55895,041,05
34,55950,003,05
34,56130,003,05
34,56550,031,09
34,57000,031,09
34,57150,015,01
34,57300,035,07
34,57360,033,02
34,57480,005,03
34,57540,005,03
34,57600,021,12
34,57750,033,02
34,57840,033,02
34,58200,023,06
34,58350,041,07
34,58590,029,03
34,58770,007,01
34,58830,029,04
34,58852,029,04
34,58920,007,01
34,59070,015,02
34,59190,039,12
34,59285,023,12
34,59500,035,12
34,59640,001,02
34,59880,029,03
34,59880,029,04
34,59910,029,04
34,60030,001,02
34,60090,031,11
34,60210,041,05
34,60360,025,06
34,60450,041,05
34,60510,011,02
34,60540,023,06
34,60600,001,02
34,60840,005,03
34,60900,021,12
34,60960,021,12
34,60975,023,12
34,61170,031,09
34,61440,033,02
34,61530,039,10
34,61650,005,03
34,61680,003,05
34,61725,025,04
34,61980,035,07
34,62430,025,04
34,62820,015,02
34,62910,003,09
34,62940,003,09
34,63000,003,05
34,63150,031,05
34,63180,009,02
34,63300,027,11
34,63360,003,05
34,63660,005,03
34,63840,021,04
34,63900,025,06
34,64050,027,11
34,64170,003,05
34,64320,035,07
34,64350,005,03
34,64410,025,04
34,64590,013,11
34,64620,039,10
34,64650,039,10
34,64740,011,02
34,64860,037,05
34,64865,023,12
34,65130,025,04
34,65160,007,01
34,65280,003,09
34,65400,003,05
34,65490,033,02
34,65790,023,06
34,66240,025,06
34,66300,011,02
34,66330,025,04
34,66390,009,02
34,66450,029,03
34,66480,029,03
34,66570,017,09
34,66720,023,06
34,66840,025,04
34,67020,011,02
34,67110,029,02
34,67320,013,07
34,67350,025,04
34,67590,013,08
34,67590,013,10
34,67650,041,05
34,67665,029,03
34,67770,031,11
34,67820,035,12
34,67860,035,07
34,68190,001,02
34,68304,023,06
34,68340,007,01
34,68370,035,12
34,68430,001,02
34,68460,035,07
34,68550,023,06
34,68730,035,12
34,69390,023,06
34,69420,023,12
34,69510,029,03
34,69810,023,12
34,69900,007,01
34,70110,025,04
34,70140,025,04
34,70380,037,11
34,70800,041,07
34,70980,019,07
34,71010,009,02
34,71220,007,01
34,71250,009,02
34,71280,025,06
34,71370,027,07
34,71430,039,07
34,71640,029,02
34,71670,037,05
34,71850,015,02
34,72240,007,01
34,72420,003,09
34,72435,035,12
34,72480,003,09
34,73020,025,04
34,73110,029,03
34,73140,031,11
34,74000,021,12
34,74210,029,02
34,74270,015,01
34,74330,021,12
34,74540,025,06
34,74630,017,08
34,75020,013,10
34,75020,013,11
34,75120,041,07
34,75140,003,05
34,75145,041,07
34,75620,001,02
34,75745,037,05
34,75750,037,05
34,75890,027,11
34,75920,015,01
34,75950,041,05
34,76010,009,02
34,76070,011,02
34,76107,029,04
34,76250,035,12
34,76400,003,05
34,76490,003,09
34,76700,025,04
34,76730,031,11
34,76820,029,03
34,77270,041,05
34,77600,035,07
34,78110,015,01
34,78350,025,04
34,78530,009,02
34,79040,039,07
34,79100,025,04
34,79310,025,06
34,79610,017,08
34,79715,035,12
34,80120,015,01
34,80210,009,02
34,80270,003,05
34,80390,027,07
34,80630,021,04
34,80720,019,07
34,80750,027,11
34,80855,009,02
34,81042,023,12
34,81170,009,02
34,81200,009,02
34,81380,015,01
34,81890,009,02
34,81950,023,06
34,82120,015,01
34,82180,015,01
34,82300,003,05
34,82423,031,11
34,82450,007,01
34,82570,003,09
34,82720,033,02
34,82960,005,03
34,83170,021,04
34,83245,025,04
34,83290,035,12
