NEW YORK CONGRESSIONAL DISTRICTS BY PLACE
State,Place,County,CongressionalDistrict
36,00155,111,19
36,00199,045,21
36,00232,045,21
36,00276,101,23
36,00342,017,22
36,00408,087,17
36,00441,029,27
36,01000,001,20
36,01011,059,03
36,01033,073,27
36,01088,029,27
36,01154,037,27
36,01187,045,21
36,01198,003,23
36,01286,009,23
36,01440,003,23
36,01440,101,23
36,01517,001,20
36,01550,075,22
36,01572,019,21
36,01594,103,01
36,01682,027,19
36,01737,057,19
36,02044,103,02
36,02066,057,20
36,02121,025,19
36,02143,003,23
36,02176,003,23
36,02198,029,27
36,02220,029,27
36,02286,045,21
36,02308,107,22
36,02374,103,01
36,02407,121,27
36,02506,119,16
36,02550,115,21
36,02583,101,23
36,02616,027,18
36,02649,119,17
36,02737,103,03
36,02902,039,19
36,02968,059,04
36,03001,037,27
36,03001,121,27
36,03078,011,24
36,03188,011,24
36,03254,019,21
36,03320,083,19
36,03331,101,23
36,03353,051,27
36,03408,103,02
36,04033,017,22
36,04055,103,01
36,04143,059,04
36,04154,059,04
36,04198,067,24
36,04253,091,21
36,04286,071,18
36,04396,087,17
36,04440,063,27
36,04528,065,22
36,04550,059,04
36,04715,037,27
36,04759,101,23
36,04803,059,03
36,04891,059,04
36,04913,103,02
36,04935,103,02
36,05034,059,03
36,05039,103,02
36,05100,027,18
36,05193,071,18
36,05309,119,18
36,05342,119,18
36,05562,003,23
36,05639,059,04
36,05661,059,04
36,05672,103,01
36,05683,045,21
36,05738,059,04
36,05771,103,01
36,05815,003,23
36,05848,013,23
36,06046,037,27
36,06387,059,03
36,06464,015,23
36,06574,029,27
36,06607,007,22
36,06644,007,22
36,06794,045,21
36,06849,029,27
36,06860,087,17
36,06904,121,27
36,06937,023,22
36,06945,069,27
36,06959,105,19
36,07025,025,19
36,07069,103,01
36,07157,103,02
36,07190,003,23
36,07245,113,21
36,07355,065,22
36,07960,089,21
36,08004,015,23
36,08026,103,02
36,08059,067,24
36,08059,075,22
36,08070,079,18
36,08092,079,18
36,08103,119,17
36,08136,103,01
36,08147,053,22
36,08147,067,24
36,08169,065,22
36,08257,055,25
36,08323,103,02
36,08334,027,18
36,08422,035,21
36,08466,055,25
36,08488,013,23
36,08532,119,16
36,09000,103,01
36,10132,059,03
36,10231,045,21
36,10286,033,21
36,10341,119,17
36,11000,029,26
36,11000,029,27
36,11132,097,23
36,11154,033,21
36,11440,013,23
36,11550,051,27
36,11638,039,19
36,11671,045,21
36,11704,051,27
36,11748,105,19
36,11781,103,01
36,11825,115,21
36,11847,065,22
36,11902,067,24
36,11935,101,23
36,12111,057,19
36,12144,069,27
36,12177,003,23
36,12188,053,22
36,12210,107,23
36,12254,101,23
36,12331,089,21
36,12353,045,21
36,12419,059,04
36,12532,079,18
36,12584,035,21
36,12683,045,21
36,12749,013,23
36,12771,121,27
36,12870,083,20
36,12881,049,21
36,12958,011,24
36,13002,039,19
36,13024,009,23
36,13068,011,24
36,13079,109,23
36,13145,053,22
36,13233,059,04
36,13288,013,23
36,13376,103,01
36,13420,103,01
36,13442,103,03
36,13530,095,19
36,13552,103,02
36,13585,075,22
36,13618,059,03
36,13662,065,22
36,13739,019,21
36,13805,119,17
36,13981,033,21
36,14003,021,19
36,14036,045,21
36,14058,013,23
36,14102,019,21
36,15000,029,26
36,15121,007,22
36,15187,013,23
36,15242,077,19
36,15297,071,18
36,15363,113,21
36,15400,087,17
36,15561,053,22
36,15638,055,25
36,15814,029,27
36,15836,029,27
36,15902,065,22
36,15946,055,25
36,16050,021,19
36,16089,045,21
36,16111,065,22
36,16188,075,22
36,16375,069,23
36,16419,065,22
36,16452,111,19
36,16573,117,24
36,16628,095,19
36,16727,101,23
36,16749,001,20
36,16815,043,21
36,16936,079,18
36,16958,103,03
36,17332,001,20
36,17398,089,21
36,17530,103,01
36,17530,103,03
36,17620,051,27
36,17622,051,27
36,17739,087,17
36,17882,049,21
36,17893,075,22
36,18036,101,23
36,18047,077,19
36,18124,021,19
36,18135,049,21
36,18146,103,02
36,18157,103,01
36,18201,037,27
36,18212,091,21
36,18256,101,23
36,18333,071,18
36,18388,023,22
36,18443,023,22
36,18542,091,20
36,18597,059,03
36,18718,039,19
36,18762,111,19
36,18817,089,21
36,19070,049,21
36,19092,119,17
36,19213,119,17
36,19229,027,18
36,19290,119,17
36,19308,069,23
36,19356,003,23
36,19408,019,21
36,19411,051,27
36,19466,103,01
36,19510,051,27
36,19587,051,27
36,19642,019,21
36,19664,051,27
36,19774,025,19
36,19972,103,02
36,19994,045,21
36,20049,089,21
36,20082,093,20
36,20115,009,23
36,20126,025,19
36,20302,045,21
36,20313,029,26
36,20313,029,27
36,20346,007,19
36,20346,025,19
36,20379,103,01
36,20390,053,22
36,20500,045,21
36,20687,103,03
36,20698,119,17
36,20731,035,21
36,20731,043,21
36,20841,027,19
36,20852,025,19
36,20896,123,23
36,20951,109,23
36,20989,093,20
36,20995,093,20
36,21050,123,23
36,21105,013,23
36,21226,065,22
36,21523,017,22
36,21523,053,22
36,21578,059,04
36,21589,029,27
36,21600,051,27
36,21809,119,16
36,21985,103,02
36,22065,059,04
36,22084,093,20
36,22106,083,20
36,22183,103,01
36,22200,103,01
36,22260,059,03
36,22315,103,02
36,22326,109,23
36,22370,111,19
36,22447,103,01
36,22480,059,02
36,22502,059,04
36,22546,103,01
36,22557,083,19
36,22612,103,03
36,22623,059,03
36,22733,103,01
36,22810,103,01
36,22832,103,01
36,22843,009,23
36,22865,055,25
36,22876,059,04
36,22980,103,01
36,23052,067,24
36,23217,059,03
36,23217,059,04
36,23316,103,03
36,23404,029,27
36,23602,077,19
36,23635,089,21
36,23701,029,26
36,23745,037,27
36,23789,067,24
36,23822,031,21
36,23965,111,19
36,24020,009,23
36,24075,045,21
36,24141,029,27
36,24229,015,23
36,24251,015,23
36,24273,059,04
36,24273,059,05
36,24295,119,17
36,24405,103,03
36,24515,007,22
36,24526,007,22
36,24625,015,23
36,24713,095,19
36,24823,045,21
36,24867,067,24
36,24988,011,24
36,25043,067,24
36,25076,055,25
36,25109,027,18
36,25120,119,17
36,25164,013,23
36,25384,059,02
36,25384,059,03
36,25417,103,01
36,25428,029,27
36,25527,067,24
36,25571,045,21
36,25747,003,23
36,25839,103,01
36,25839,103,02
36,25857,071,18
36,25923,103,01
36,25934,045,21
36,25967,027,18
36,26121,103,01
36,26209,025,19
36,26264,059,04
36,26264,059,05
36,26319,071,18
36,26352,059,03
36,26462,057,20
36,26561,109,23
36,26649,013,23
36,26704,115,21
36,26752,033,21
36,26759,045,21
36,26770,115,21
36,26880,057,20
36,26902,071,18
36,26924,057,19
36,26946,103,03
36,27133,051,27
36,27188,043,22
36,27221,025,19
36,27309,059,04
36,27309,059,05
36,27331,009,23
36,27419,013,23
36,27452,027,19
36,27485,059,04
36,27529,109,23
36,27672,013,23
36,27694,003,23
36,27815,075,24
36,27859,057,20
36,27969,121,27
36,28035,067,24
36,28101,091,21
36,28145,101,23
36,28178,059,04
36,28189,059,04
36,28200,059,04
36,28244,111,19
36,28310,071,18
36,28431,063,27
36,28453,055,25
36,28618,051,27
36,28640,069,23
36,28640,099,23
36,28761,021,19
36,28860,021,19
36,28959,077,19
36,28990,103,02
36,29014,111,19
36,29058,007,22
36,29113,059,03
36,29245,059,03
36,29322,045,21
36,29333,113,21
36,29338,113,21
36,29421,059,03
36,29443,035,21
36,29476,119,18
36,29509,103,01
36,29520,069,23
36,29542,071,18
36,29597,089,21
36,29630,009,23
36,29630,029,27
36,29872,087,17
36,29894,029,26
36,30026,115,21
36,30136,045,21
36,30169,059,03
36,30191,059,03
36,30202,059,03
36,30213,059,03
36,30235,103,02
36,30279,055,25
36,30411,017,22
36,30521,001,20
36,30543,103,03
36,30576,103,01
36,30581,103,01
36,30598,059,03
36,30609,039,19
36,30642,119,16
36,30642,119,17
36,30675,115,21
36,30752,071,18
36,30807,051,27
36,30961,109,23
36,31022,051,27
36,31137,017,22
36,31258,091,21
36,31291,057,20
36,31346,089,21
36,31445,103,03
36,31533,069,23
36,31643,029,27
36,31709,053,22
36,31786,055,27
36,31830,089,21
36,31852,101,23
36,31896,103,01
36,31918,083,20
36,31940,025,19
36,32006,089,21
36,32017,075,24
36,32094,059,03
36,32105,059,04
36,32325,071,18
36,32391,029,27
36,32402,119,17
36,32424,049,21
36,32523,119,17
36,32578,077,19
36,32710,119,16
36,32732,103,01
36,32754,087,17
36,32776,027,19
36,32842,119,17
36,32963,103,01
36,33128,051,27
36,33139,059,04
36,34044,045,21
36,34118,119,18
36,34121,043,22
36,34165,089,21
36,34198,059,03
36,34220,045,21
36,34264,089,21
36,34286,059,04
36,34297,059,04
36,34308,059,04
36,34319,059,04
36,34374,059,03
36,34451,111,19
36,34484,111,19
36,34495,071,18
36,34660,087,17
36,34693,087,17
36,34786,111,19
36,34803,027,18
36,34847,055,25
36,34979,025,19
36,35056,103,01
36,35056,103,02
36,35111,029,27
36,35144,065,22
36,35155,073,27
36,35254,103,01
36,35276,023,22
36,35353,069,27
36,35364,055,27
36,35474,083,19
36,35573,027,18
36,35672,101,23
36,35694,015,23
36,35710,015,23
36,35738,105,19
36,35771,003,23
36,35969,021,19
36,35980,115,21
36,36156,051,27
36,36167,039,19
36,36233,103,03
36,37022,103,03
36,37044,103,03
36,37132,111,19
36,37198,027,19
36,37275,043,22
36,37528,099,23
36,37583,059,04
36,37583,059,05
36,37737,055,25
36,37803,119,17
36,37840,103,02
36,37847,059,04
36,37869,103,02
36,38022,103,02
36,38077,109,23
36,38253,103,01
36,38264,013,23
36,38275,013,23
36,38451,039,19
36,38500,119,17
36,38506,105,19
36,38539,059,03
36,38748,007,22
36,38781,035,21
36,38825,067,24
36,38934,087,17
36,38946,119,18
36,39089,019,21
36,39089,031,21
36,39232,029,26
36,39243,013,23
36,39309,059,03
36,39397,111,19
36,39463,123,23
36,39562,021,19
36,39672,103,01
36,39672,103,03
36,39694,059,03
36,39727,111,19
36,39853,071,18
36,40175,051,27
36,40189,029,26
36,40200,075,22
36,40233,045,21
36,40398,079,18
36,40486,029,27
36,40508,113,21
36,40530,103,01
36,40585,111,19
36,40607,067,24
36,40648,113,21
36,40689,119,17
36,40761,031,21
36,40838,103,01
36,40937,059,03
36,41003,059,04
36,41036,051,27
36,41069,013,23
36,41135,029,27
36,41223,109,23
36,41333,119,16
36,41432,059,03
36,41465,103,01
36,41487,059,03
36,41520,077,19
36,41553,059,04
36,41784,039,19
36,41872,051,27
36,42026,037,27
36,42081,059,02
36,42147,063,27
36,42224,105,19
36,42279,059,04
36,42323,051,27
36,42345,009,23
36,42378,009,23
36,42455,119,18
36,42488,111,19
36,42554,103,02
36,42609,051,27
36,42642,007,22
36,42741,043,22
36,42829,009,23
36,42884,067,24
36,42928,105,19
36,42950,051,27
36,42972,051,27
36,43005,103,03
36,43082,063,27
36,43192,059,03
36,43214,099,23
36,43335,059,04
36,43401,041,21
36,43511,021,19
36,43533,045,21
36,43720,049,21
36,43874,059,04
36,43885,067,24
36,43918,073,27
36,43951,019,21
36,43962,117,24
36,44006,049,21
36,44149,117,24
36,44193,023,22
36,44226,009,23
36,44424,053,22
36,44479,089,21
36,44534,079,18
36,44677,111,19
36,44710,033,21
36,44787,059,04
36,44792,059,04
36,44831,119,16
36,44853,069,23
36,44897,059,03
36,44908,059,03
36,45018,067,24
36,45073,045,21
36,45106,059,03
36,45139,103,01
36,45392,023,22
36,45480,067,24
36,45557,025,19
36,45573,093,20
36,45634,117,24
36,45700,111,19
36,45986,059,02
36,45997,059,02
36,46019,089,21
36,46074,103,01
36,46085,103,01
36,46107,059,03
36,46140,103,01
36,46151,067,24
36,46162,071,18
36,46206,035,21
36,46239,013,23
36,46349,071,18
36,46360,091,20
36,46404,103,01
36,46415,073,27
36,46503,011,24
36,46514,103,03
36,46536,001,20
36,46646,011,24
36,46668,059,04
36,46750,027,18
36,46811,075,22
36,46866,095,19
36,46976,103,01
36,46998,063,27
36,47042,071,18
36,47108,043,22
36,47229,077,19
36,47273,027,19
36,47306,103,01
36,47361,027,19
36,47405,059,03
36,47427,015,23
36,47548,091,21
36,47554,111,19
36,47636,059,03
36,47636,059,04
36,47680,075,24
36,47702,031,21
36,47757,067,24
36,47823,043,22
36,47988,071,18
36,48010,087,17
36,48054,103,01
36,48090,087,17
36,48142,071,18
36,48175,105,19
36,48197,097,23
36,48208,119,17
36,48241,019,21
36,48296,011,24
36,48450,103,01
36,48483,077,19
36,48538,019,21
36,48571,089,21
36,48593,053,22
36,48750,071,18
36,48879,087,17
36,48890,119,17
36,48945,051,27
36,49066,103,01
36,49121,119,16
36,49220,053,22
36,49231,059,03
36,49242,023,22
36,49330,059,03
36,49363,027,18
36,49407,087,17
36,49418,111,19
36,49424,103,01
36,49429,069,23
36,49429,069,27
36,49473,105,19
36,49506,083,19
36,49605,045,21
36,49726,067,24
36,49748,057,19
36,49781,079,18
36,49825,103,01
36,49891,117,24
36,49902,107,23
36,49946,017,22
36,50034,071,18
36,50067,059,04
36,50100,087,17
36,50221,063,27
36,50257,109,23
36,50298,065,22
36,50353,087,17
36,50397,059,04
36,50551,111,19
36,50573,043,22
36,50617,119,16
36,50705,087,17
36,50727,103,01
36,50837,071,18
36,51000,005,13
36,51000,005,14
36,51000,005,15
36,51000,005,16
36,51000,047,07
36,51000,047,08
36,51000,047,09
36,51000,047,10
36,51000,047,11
36,51000,047,12
36,51000,061,07
36,51000,061,10
36,51000,061,12
36,51000,061,13
36,51000,081,03
36,51000,081,05
36,51000,081,06
36,51000,081,07
36,51000,081,08
36,51000,081,12
36,51000,081,14
36,51000,085,11
36,51011,065,22
36,51055,063,26
36,51055,063,27
36,51110,107,22
36,51275,093,20
36,51286,103,01
36,51297,021,19
36,51319,089,21
36,51396,103,02
36,51418,103,01
36,51440,103,02
36,51467,091,21
36,51495,103,02
36,51517,059,04
36,51528,103,01
36,51583,029,27
36,51792,029,27
36,51847,113,21
36,51915,109,23
36,52040,055,25
36,52078,103,02
36,52188,103,01
36,53022,059,03
36,53055,101,23
36,53198,103,02
36,53231,059,04
36,53253,059,02
36,53264,059,04
36,53275,059,03
36,53275,059,04
36,53319,103,01
36,53396,103,03
36,53462,117,24
36,53561,103,01
36,53660,067,24
36,53682,063,26
36,53748,059,04
36,53748,059,05
36,53770,035,21
36,53775,103,01
36,53792,059,02
36,53852,103,01
36,53853,109,23
36,53979,017,22
36,54012,089,21
36,54056,103,01
36,54078,051,27
36,54100,087,17
36,54112,103,02
36,54144,103,02
36,54155,037,27
36,54430,103,02
36,54441,059,04
36,54452,097,23
36,54485,089,21
36,54540,063,27
36,54551,059,03
36,54562,059,03
36,54617,103,01
36,54639,043,21
36,54705,059,03
36,54716,009,23
36,54837,053,22
36,54848,065,22
36,54881,077,19
36,55002,117,24
36,55167,087,17
36,55189,071,18
36,55266,029,27
36,55321,103,01
36,55365,065,22
36,55376,065,22
36,55530,119,17
36,55574,075,24
36,55618,077,19
36,55673,071,18
36,55816,099,23
36,55882,107,23
36,55937,045,21
36,55948,017,22
36,55992,059,03
36,56011,059,03
36,56088,101,23
36,56110,057,19
36,56132,039,19
36,56187,117,24
36,56212,045,21
36,56231,013,23
36,56291,019,21
36,56341,075,22
36,56363,089,21
36,56660,103,01
36,56770,033,21
36,56781,037,27
36,56814,027,19
36,56869,079,18
36,56869,119,18
36,56902,087,17
36,56968,103,01
36,56979,119,17
36,57001,119,16
36,57023,119,16
36,57177,123,23
36,57243,121,27
36,57287,009,23
36,57364,019,21
36,57518,069,23
36,57551,045,21
36,57639,021,19
36,57650,111,19
36,57661,075,24
36,57749,087,17
36,57782,045,21
36,57804,051,27
36,57815,121,27
36,57980,071,18
36,58057,111,19
36,58145,027,19
36,58189,015,23
36,58354,055,25
36,58409,059,02
36,58442,059,03
36,58475,059,03
36,58486,059,03
36,58497,059,03
36,58541,111,19
36,58574,019,21
36,58601,019,21
36,58684,027,19
36,58728,119,17
36,58739,045,21
36,58794,083,19
36,58849,059,04
36,58937,043,22
36,58992,087,17
36,59157,103,01
36,59212,011,24
36,59223,119,17
36,59245,007,22
36,59311,111,19
36,59322,069,23
36,59333,031,21
36,59355,103,01
36,59377,103,01
36,59388,071,18
36,59454,049,21
36,59498,009,23
36,59520,059,03
36,59531,059,03
36,59564,089,21
36,59619,113,21
36,59641,027,18
36,59708,101,23
36,59740,039,19
36,59831,001,20
36,59883,065,22
36,59960,075,22
36,59993,117,24
36,60103,079,18
36,60411,103,01
36,60422,103,01
36,60576,009,23
36,60598,063,27
36,60609,063,27
36,60675,001,20
36,60829,117,24
36,60884,019,21
36,60895,027,19
36,60983,027,18
36,61016,045,21
36,61115,065,22
36,61142,103,01
36,61148,083,20
36,61159,089,21
36,61236,051,27
36,61346,027,19
36,61368,027,19
36,61434,003,23
36,61489,077,19
36,61588,095,19
36,61621,089,21
36,61665,103,01
36,61797,111,19
36,61874,013,23
36,61973,103,01
36,62061,101,23
36,62066,103,01
36,63000,055,25
36,63132,105,19
36,63264,059,04
36,63319,103,01
36,63330,045,21
36,63418,065,22
36,63429,099,23
36,63473,103,02
36,63506,059,04
36,63583,105,19
36,63742,111,19
36,63770,059,03
36,63792,059,03
36,63803,059,03
36,63814,059,03
36,63924,093,20
36,63957,091,20
36,63979,019,21
36,64155,003,23
36,64199,069,23
36,64199,123,23
36,64232,059,03
36,64309,119,16
36,64325,119,17
36,64408,045,21
36,64430,059,03
36,64441,059,03
36,64452,103,01
36,64485,103,01
36,64551,009,23
36,64584,103,01
36,64639,057,19
36,64716,033,21
36,64749,009,23
36,64771,115,21
36,64842,059,04
36,64859,071,18
36,64881,103,02
36,64892,027,19
36,64958,063,27
36,65024,075,24
36,65035,059,03
36,65068,075,22
36,65233,031,21
36,65233,033,21
36,65255,091,20
36,65288,111,19
36,65310,111,19
36,65332,117,24
36,65354,101,23
36,65409,103,02
36,65431,119,16
36,65431,119,17
36,65475,083,19
36,65508,093,20
36,65519,077,19
36,65585,095,19
36,65640,031,21
36,65750,091,21
36,65761,003,23
36,65882,071,18
36,65893,093,20
36,65926,051,27
36,65948,119,18
36,65959,055,27
36,66047,059,03
36,66058,059,02
36,66102,059,03
36,66212,103,01
36,66322,099,23
36,66366,067,24
36,66481,103,01
36,66663,095,19
36,66828,103,01
36,66850,103,01
36,66872,119,18
36,66883,017,22
36,66949,013,23
36,66993,065,22
36,67048,103,01
36,67070,103,01
36,67081,111,19
36,67191,103,01
36,67257,069,23
36,67279,119,17
36,67334,025,19
36,67411,013,23
36,67466,121,27
36,67488,013,23
36,67510,067,24
36,67638,119,17
36,67686,029,26
36,67708,087,17
36,67730,105,19
36,67851,103,01
36,67851,103,03
36,68088,017,22
36,68099,017,22
36,68209,117,24
36,68242,117,24
36,68286,067,24
36,68374,103,01
36,68462,103,01
36,68610,071,18
36,68847,101,23
36,68891,009,23
36,68968,105,19
36,69001,059,02
36,69023,059,04
36,69023,059,05
36,69078,091,21
36,69188,059,04
36,69199,109,23
36,69254,103,03
36,69364,051,27
36,69386,063,27
36,69441,087,17
36,69452,103,01
36,69606,015,23
36,69892,059,04
36,69892,059,05
36,70035,027,18
36,70068,087,17
36,70123,041,21
36,70167,107,23
36,70189,055,25
36,70387,103,01
36,70420,087,17
36,70442,029,27
36,70477,051,27
36,70552,027,19
36,70618,025,19
36,70717,003,23
36,70849,089,21
36,71267,059,04
36,71322,091,21
36,71597,111,19
36,71608,103,01
36,71620,103,01
36,71663,087,17
36,71718,021,19
36,71817,121,27
36,71894,087,17
36,72246,013,23
36,72327,075,24
36,72521,065,22
36,72554,059,03
36,73000,067,24
36,73143,039,19
36,73154,087,17
36,73176,119,17
36,73352,103,01
36,73517,045,21
36,73583,087,17
36,73605,059,03
36,73715,119,17
36,73726,045,21
36,73737,045,21
36,73880,031,21
36,73902,111,19
36,74017,027,18
36,74023,027,19
36,74166,029,26
36,74183,029,26
36,75121,029,27
36,75341,057,20
36,75484,083,20
36,75506,109,23
36,75572,103,01
36,75583,119,16
36,75627,067,24
36,75671,033,21
36,75682,049,21
36,75726,051,27
36,75803,071,18
36,76001,077,19
36,76089,059,04
36,76155,011,24
36,76210,071,18
36,76280,029,26
36,76287,059,03
36,76331,059,03
36,76386,087,17
36,76540,065,22
36,76584,071,18
36,76617,021,19
36,76639,119,17
36,76661,087,17
36,76672,083,19
36,76705,059,04
36,76705,059,05
36,76881,015,23
36,77112,065,22
36,77167,065,22
36,77211,119,17
36,77376,069,27
36,77431,091,21
36,77513,067,24
36,77519,103,01
36,77574,087,17
36,77684,001,20
36,77728,089,21
36,77772,103,01
36,77783,051,27
36,77805,103,01
36,77849,071,18
36,77948,111,19
36,78003,111,19
36,78036,025,19
36,78063,071,18
36,78113,053,22
36,78124,029,27
36,78146,059,04
36,78168,027,18
36,78289,113,21
36,78333,121,27
36,78355,071,18
36,78421,071,18
36,78454,065,22
36,78465,071,18
36,78487,111,19
36,78520,091,20
36,78553,099,23
36,78575,103,01
36,78608,045,21
36,78663,065,22
36,78674,001,20
36,78696,097,23
36,78806,107,23
36,78850,101,23
36,78960,055,25
36,78982,051,27
36,79015,011,24
36,79081,015,23
36,79092,003,23
36,79174,087,17
36,79246,103,02
36,79301,103,02
36,79444,059,04
36,79499,045,21
36,79543,019,21
36,79785,015,23
36,79796,077,19
36,79939,013,23
36,80082,113,21
36,80170,103,01
36,80181,103,01
36,80186,103,01
36,80203,087,17
36,80225,059,04
36,80258,103,03
36,80291,111,19
36,80302,103,02
36,80423,001,20
36,80522,065,22
36,80599,087,17
36,80632,009,23
36,80747,071,18
36,80764,031,21
36,80863,083,19
36,80885,103,02
36,80907,029,26
36,81127,067,24
36,81138,009,23
36,81292,043,22
36,81419,103,02
36,81622,115,21
36,81677,119,17
36,81710,065,22
36,81831,007,22
36,82029,117,24
36,82084,029,26
36,82117,059,03
36,82117,059,04
36,82260,031,21
36,82304,031,21
36,82359,063,27
36,82469,039,19
36,82524,007,22
36,82612,089,21
36,82656,031,21
36,82678,117,24
36,82744,059,03
36,82750,071,18
36,82942,059,04
36,82942,059,05
36,82953,105,19
36,82986,059,04
36,83041,111,19
36,83063,051,27
36,83118,077,19
36,83272,105,19
36,83294,103,02
36,83349,083,20
36,83371,121,27
36,83426,103,01
36,84000,119,16
36,84035,051,27
36,84044,009,23
36,84088,119,17
36,84099,065,22
36,84143,063,27
36,84187,111,19
