NORTH CAROLINA CONGRESSIONAL DISTRICTS BY PLACE
State,Place,County,CongressionalDistrict
37,00160,125,08
37,00440,059,13
37,00500,091,01
37,00640,001,06
37,00680,167,08
37,01000,137,03
37,01140,001,06
37,01380,039,11
37,01400,085,02
37,01400,183,02
37,01420,007,09
37,01520,183,02
37,01520,183,04
37,01560,167,08
37,01640,137,03
37,01720,081,13
37,01720,151,06
37,01760,101,02
37,02080,151,06
37,02140,021,10
37,02140,021,11
37,02240,093,08
37,02320,015,01
37,02460,141,07
37,02480,031,03
37,02500,031,03
37,02580,015,01
37,02620,013,03
37,02700,163,07
37,02760,021,11
37,02780,055,03
37,02840,147,03
37,02960,167,08
37,03020,127,02
37,03100,121,11
37,03150,019,07
37,03220,089,11
37,03500,011,05
37,03640,089,11
37,03665,155,09
37,03840,013,03
37,03960,137,03
37,04015,129,07
37,04040,013,03
37,04180,117,01
37,04260,031,03
37,04510,011,05
37,04510,189,05
37,04640,013,03
37,04680,147,03
37,04840,071,10
37,04950,019,07
37,04955,147,01
37,04960,045,10
37,05020,037,06
37,05040,085,02
37,05040,101,07
37,05049,021,11
37,05135,059,13
37,05220,071,10
37,05340,067,05
37,05460,147,01
37,05530,003,05
37,05660,061,07
37,05880,021,11
37,06000,123,08
37,06080,195,02
37,06140,021,10
37,06240,017,09
37,06500,027,11
37,06500,189,05
37,06510,129,07
37,06660,047,07
37,06740,031,03
37,06760,019,07
37,06800,045,10
37,06820,019,07
37,06860,047,07
37,06980,163,07
37,07080,189,05
37,07140,197,05
37,07220,161,10
37,07400,093,08
37,07720,175,11
37,07765,049,03
37,07860,049,03
37,08040,031,03
37,08080,085,02
37,08080,105,06
37,08110,191,07
37,08140,035,10
37,08420,047,07
37,08480,173,11
37,08760,085,02
37,08860,069,02
37,08880,085,02
37,08960,141,07
37,09060,001,06
37,09060,081,06
37,09140,199,11
37,09360,077,01
37,09380,017,09
37,09400,055,03
37,09530,027,11
37,09540,019,07
37,09760,061,07
37,09780,029,03
37,09800,125,08
37,10120,123,08
37,10240,087,11
37,10260,031,03
37,10460,161,10
37,10500,129,07
37,10550,019,07
37,10620,135,04
37,10680,125,08
37,10740,037,06
37,10740,183,02
37,10740,183,04
37,10760,045,10
37,10800,099,11
37,10860,127,02
37,10880,129,07
37,10960,019,07
37,10980,035,10
37,11340,031,03
37,11352,027,11
37,11560,069,02
37,11620,047,07
37,11640,047,07
37,11800,063,01
37,11800,063,04
37,11800,135,04
37,12000,119,09
37,12000,119,12
37,12140,099,11
37,12140,173,11
37,12340,071,10
37,12460,161,10
37,12480,159,08
37,12580,013,03
37,12720,035,10
37,12780,017,07
37,12780,017,09
37,12860,101,02
37,12860,183,02
37,12960,067,05
37,13000,159,13
37,13100,161,10
37,13240,163,07
37,13280,087,11
37,13360,085,02
37,13460,091,01
37,13500,053,03
37,13560,015,01
37,13940,177,03
37,13980,149,10
37,14060,091,01
37,14100,025,08
37,14200,065,01
37,14280,023,11
37,14340,035,10
37,14400,131,01
37,14460,059,13
37,14600,153,09
37,14700,119,12
37,15020,049,03
37,15040,189,05
37,15260,071,10
37,15320,077,01
37,15420,187,01
37,15440,193,05
37,15580,011,05
37,15880,099,11
37,16180,071,10
37,16220,089,11
37,16240,169,05
37,16400,097,13
37,16400,119,12
37,16480,031,03
37,16730,165,09
37,16780,047,07
37,16820,071,10
37,16860,163,07
37,16980,057,13
37,17000,109,10
37,17180,099,11
37,17325,153,09
37,17340,171,05
37,17520,127,02
37,17660,049,03
37,17860,023,11
37,18040,017,09
37,18060,055,03
37,18300,093,08
37,18320,085,02
37,19000,063,01
37,19000,063,04
37,19000,135,04
37,19000,183,04
37,19140,045,10
37,19300,017,07
37,19320,197,05
37,19420,089,11
37,19620,165,09
37,19740,051,08
37,19740,051,09
37,19800,153,09
37,19860,159,08
37,20080,157,06
37,20120,041,03
37,20280,089,11
37,20420,135,04
37,20580,029,03
37,20580,139,03
37,20600,017,07
37,20600,017,09
37,20620,171,05
37,20620,193,05
37,20700,011,05
37,20780,161,10
37,20840,153,09
37,20980,195,01
37,21095,001,06
37,21120,155,09
37,21130,191,07
37,21160,031,03
37,21360,083,01
37,21380,095,03
37,21500,159,08
37,21740,085,02
37,21880,089,11
37,21960,191,07
37,22040,117,01
37,22080,047,07
37,22240,047,07
37,22280,095,03
37,22305,049,03
37,22360,155,09
37,22380,193,05
37,22440,021,10
37,22500,179,09
37,22560,061,07
37,22560,163,07
37,22600,159,08
37,22620,051,08
37,22620,163,07
37,22640,147,03
37,22720,045,10
37,22820,147,03
37,22920,051,08
37,22920,051,09
37,22982,037,06
37,23520,093,08
37,23600,089,11
37,23640,171,05
37,23760,089,11
37,24080,161,10
37,24170,099,11
37,24198,081,13
37,24380,189,05
37,24440,147,03
37,24520,101,07
37,24570,125,08
37,24640,113,11
37,24720,069,02
37,24740,151,06
37,24900,191,07
37,25020,055,03
37,25160,089,11
37,25300,183,02
37,25380,027,11
37,25460,163,07
37,25480,183,02
37,25480,183,04
37,25540,131,01
37,25560,131,01
37,25580,071,10
37,25680,073,01
37,25880,067,05
37,25880,169,05
37,25900,089,11
37,25940,165,09
37,25980,001,06
37,25980,081,06
37,26200,023,11
37,26460,001,06
37,26520,099,11
37,26680,031,03
37,26740,051,08
37,26880,191,07
37,26920,037,06
37,27120,063,01
37,27280,001,06
37,27320,011,05
37,27420,027,11
37,27440,159,08
37,27520,137,03
37,27780,061,07
37,27870,001,06
37,28000,081,06
37,28000,081,13
37,28080,147,01
37,28080,147,03
37,28200,107,03
37,28200,147,03
37,28240,147,03
37,28400,045,10
37,28600,037,06
37,28900,133,03
37,28920,083,01
37,29000,047,07
37,29120,117,01
37,29160,153,09
37,29180,141,07
37,29560,031,03
37,29640,097,13
37,29680,061,07
37,29680,163,07
37,29720,091,01
37,29800,025,08
37,30040,117,01
37,30100,055,03
37,30120,049,03
37,30260,001,06
37,30280,043,11
37,30340,193,05
37,30620,179,09
37,30660,181,01
37,30720,089,11
37,30800,161,10
37,30900,143,03
37,31060,023,11
37,31060,027,11
37,31060,035,05
37,31060,035,10
37,31260,003,05
37,31360,099,11
37,31360,113,11
37,31400,057,13
37,31400,067,05
37,31400,081,13
37,31400,151,06
37,31440,071,10
37,31490,129,07
37,31500,023,11
37,31620,135,04
37,31660,059,13
37,31860,083,01
37,31880,137,03
37,31920,153,09
37,31960,019,07
37,32100,083,01
37,32180,133,03
37,32260,183,02
37,32540,079,03
37,32580,089,11
37,32640,051,08
37,32640,051,09
37,32740,089,11
37,32840,115,11
37,32980,027,11
37,33120,119,12
37,33320,023,11
37,33460,031,03
37,33560,179,09
37,33640,163,07
37,33820,109,10
37,33940,163,07
37,33993,179,09
37,34000,131,01
37,34038,107,03
37,34200,133,03
37,34260,049,03
37,34300,081,13
37,34320,117,01
37,34440,009,05
37,34840,197,05
37,35200,025,08
37,35200,159,08
37,35340,163,07
37,35360,015,01
37,35440,017,07
37,35460,061,07
37,35540,101,02
37,35540,101,07
37,35540,195,02
37,35600,067,05
37,35600,081,13
37,35720,055,03
37,35760,067,05
37,35760,169,05
37,35870,129,07
37,35880,045,10
37,35880,071,10
37,35890,045,10
37,35920,107,03
37,36020,181,01
37,36060,055,03
37,36080,183,02
37,36080,183,04
37,36220,129,07
37,36400,107,03
37,36480,087,11
37,36500,161,10
37,36511,035,10
37,36512,179,09
37,36513,069,02
37,36514,075,11
37,36640,047,07
37,36860,159,08
37,36960,009,05
37,37000,131,01
37,37040,045,10
37,37120,165,09
37,37160,089,11
37,37220,165,09
37,37260,045,10
37,37640,065,01
37,37680,019,07
37,37760,027,11
37,38030,015,01
37,38040,067,05
37,38060,057,13
37,38100,151,06
37,38170,045,10
37,38200,007,09
37,38220,085,02
37,38320,109,10
37,38360,051,08
37,38680,083,01
37,38860,025,08
37,38860,167,08
37,39280,023,11
37,39280,035,10
37,39360,069,02
37,39420,097,13
37,39480,071,10
37,39520,109,10
37,39540,171,05
37,39600,195,02
37,39680,155,09
37,39700,155,09
37,39880,071,10
37,39960,065,01
37,40140,155,09
37,40240,007,09
37,40460,081,06
37,40540,185,01
37,40560,157,06
37,40600,087,11
37,40640,061,07
37,40660,035,10
37,40660,109,10
37,40860,085,02
37,40980,055,03
37,41060,055,03
37,41220,039,11
37,41380,155,09
37,41420,111,11
37,41540,191,07
37,41580,115,11
37,41600,031,03
37,41620,115,11
37,41640,179,09
37,41720,179,09
37,41960,119,09
37,42000,079,03
37,42020,155,09
37,42020,165,09
37,42060,157,06
37,42100,103,03
37,42240,001,06
37,42240,135,04
37,42480,137,03
37,42620,101,02
37,42640,181,01
37,42700,127,02
37,42760,025,08
37,42760,119,09
37,42860,057,13
37,43160,193,05
37,43200,167,08
37,43260,089,11
37,43300,033,06
37,43360,179,09
37,43440,137,03
37,43480,119,09
37,43480,119,12
37,43480,179,09
37,43580,167,08
37,43720,059,13
37,43860,127,02
37,43880,037,06
37,43920,179,09
37,44100,021,10
37,44160,045,10
37,44220,097,13
37,44280,193,05
37,44320,031,03
37,44400,023,11
37,44520,063,04
37,44520,183,04
37,44560,007,09
37,44700,089,11
37,44770,035,10
37,44800,171,05
37,44900,123,08
37,44960,071,10
37,45100,061,07
37,45100,191,07
37,45140,025,08
37,45460,053,03
37,45560,193,05
37,45640,091,01
37,45660,039,11
37,45720,129,07
37,45840,129,07
37,45880,055,03
37,46000,127,02
37,46060,019,07
37,46280,049,03
37,46340,049,03
37,46740,011,05
37,46820,167,08
37,46860,031,03
37,47000,035,10
37,47020,163,07
37,47240,185,01
37,47260,153,09
37,47485,129,07
37,47695,027,11
37,47845,133,03
37,47860,019,07
37,47880,193,05
37,47980,167,08
37,48040,167,08
37,48060,117,01
37,48345,019,07
37,48480,081,06
37,48700,019,07
37,48740,095,03
37,48790,129,07
37,48920,111,11
37,48940,165,09
37,49380,137,03
37,49460,155,09
37,49600,001,06
37,49800,077,01
37,50080,013,03
37,50340,155,09
37,50540,117,01
37,50700,045,10
37,50820,007,09
37,51040,031,03
37,51080,155,09
37,51780,191,07
37,51820,171,05
37,51840,125,08
37,51940,125,08
37,52000,031,03
37,52020,101,07
37,52140,065,01
37,52160,013,03
37,52220,119,09
37,52220,119,12
37,52260,133,03
37,52400,107,03
37,52500,169,05
37,52660,037,06
37,52685,163,07
37,52760,081,13
37,52920,193,05
37,53040,187,01
37,53140,007,09
37,53160,045,10
37,53200,103,03
37,53475,129,07
37,53580,061,07
37,53680,015,01
37,53820,101,07
37,53840,065,01
37,53900,155,09
37,53950,155,09
37,54160,133,03
37,54580,093,08
37,54600,155,09
37,55000,063,01
37,55000,063,04
37,55000,183,02
37,55000,183,04
37,55040,151,06
37,55080,151,06
37,55260,071,10
37,55340,155,09
37,55460,167,08
37,55640,127,02
37,55660,093,08
37,55660,155,09
37,55900,157,06
37,55940,155,09
37,56100,155,09
37,56240,023,11
37,56240,027,11
37,56340,167,08
37,56360,133,03
37,56440,131,01
37,56600,047,07
37,56710,049,03
37,56815,013,03
37,56900,083,01
37,57000,125,08
37,57020,075,11
37,57100,117,01
37,57200,093,08
37,57260,153,09
37,57340,159,08
37,57500,065,01
37,57500,127,02
37,57540,141,07
37,57580,055,03
37,57640,183,02
37,57640,183,04
37,57700,193,05
37,57740,187,01
37,57800,163,07
37,57860,061,07
37,58020,175,11
37,58040,063,01
37,58040,145,06
37,58140,155,09
37,58160,145,06
37,58180,015,01
37,58260,021,10
37,58340,157,06
37,58360,067,05
37,58420,161,10
37,58440,023,11
37,58460,161,10
37,58620,141,07
37,58630,019,07
37,58720,155,09
37,58730,035,05
37,58730,035,10
37,58740,023,11
37,58840,163,07
37,58860,159,08
37,58860,159,13
37,58920,089,11
37,58920,149,10
37,58940,055,03
37,59090,019,07
37,59135,047,07
37,59280,105,06
37,59340,195,01
37,59540,027,11
37,59580,001,06
37,59765,165,09
37,59780,083,01
37,59980,131,01
37,60000,129,07
37,60080,151,06
37,60180,081,06
37,60320,101,02
37,60320,101,07
37,60505,011,05
37,60505,189,05
37,60515,125,08
37,60540,191,07
37,60560,131,01
37,60800,019,07
37,60940,155,09
37,61060,065,01
37,61060,127,02
37,61060,195,01
37,61200,045,10
37,61860,037,06
37,61920,093,08
37,61950,129,07
37,62040,147,03
37,62060,195,02
37,62190,129,07
37,62520,101,02
37,62520,101,07
37,62680,133,03
37,62760,079,03
37,63120,125,08
37,63130,055,03
37,63240,181,01
37,63340,029,03
37,63360,057,13
37,63400,019,07
37,63470,083,01
37,63560,083,01
37,63680,005,05
37,63720,065,01
37,63760,159,08
37,63760,159,13
37,63780,071,10
37,63880,161,10
37,63920,163,07
37,64160,127,02
37,64180,051,08
37,64260,121,11
37,64380,151,06
37,64420,119,09
37,64420,179,09
37,64460,167,08
37,64500,071,10
37,64560,195,01
37,64580,123,08
37,64740,097,13
37,64840,051,09
37,64940,077,01
37,65020,147,01
37,65040,081,06
37,65100,157,06
37,65120,137,03
37,65260,003,05
37,65260,097,13
37,65320,077,01
37,65530,011,05
37,65580,081,06
37,65700,073,01
37,65900,019,07
37,66040,133,03
37,66040,141,07
37,66280,021,10
37,66340,095,03
37,66360,133,03
37,66460,001,06
37,66500,099,11
37,66520,047,07
37,66700,065,01
37,66740,017,09
37,66960,003,05
37,66980,125,08
37,67000,061,07
37,67420,057,13
37,67420,151,06
37,67700,171,05
37,67720,067,05
37,67720,169,05
37,68040,141,07
37,68320,103,03
37,68340,049,03
37,68400,151,06
37,68500,097,10
37,68500,097,13
37,68520,123,08
37,68580,149,10
37,68740,163,07
37,69020,057,13
37,69260,179,09
37,69520,023,11
37,69600,189,05
37,69640,089,11
37,69680,049,03
37,69720,137,03
37,69740,051,09
37,69755,163,07
37,69795,019,07
37,69840,125,08
37,70320,045,10
37,70340,051,08
37,70380,007,09
37,70480,165,09
37,70540,069,02
37,70540,183,02
37,70580,155,09
37,70660,067,05
37,70720,061,07
37,70720,141,07
37,70740,057,13
37,70780,169,05
37,70820,191,07
37,70860,079,03
37,70920,055,03
37,71100,185,01
37,71160,061,07
37,71220,013,03
37,71240,013,03
37,71320,141,07
37,71440,055,03
37,71460,179,09
37,71500,087,11
37,71560,021,11
37,71600,099,11
37,71680,119,09
37,71680,179,09
37,71760,057,13
37,71780,083,01
37,71860,183,02
37,71900,157,06
37,71940,179,09
37,72150,087,11
37,72540,009,05
37,72600,111,11
37,72755,109,10
37,73140,125,08
37,73160,065,01
37,73160,127,02
37,73300,017,09
37,73320,017,09
37,73460,171,05
37,73660,047,07
37,73760,081,06
37,74020,193,05
37,74220,117,01
37,74440,129,07
37,74540,195,01
37,74540,195,02
37,74580,101,02
37,74680,015,01
37,74720,143,03
37,74760,179,09
37,75000,067,05
37,75060,147,01
37,75060,147,03
37,75080,091,01
37,75280,021,11
37,75340,131,01
37,75375,001,06
37,75780,129,07
37,75820,129,07
37,75960,197,05
37,76000,033,06
37,76200,069,02
37,76220,101,02
37,76220,183,02
