OHIO CONGRESSIONAL DISTRICTS BY PLACE
State,Place,County,CongressionalDistrict
39,00142,015,02
39,00198,065,05
39,00380,119,06
39,00436,061,01
39,00450,141,15
39,00464,067,06
39,00464,081,06
39,01000,153,11
39,01000,153,13
39,01000,153,16
39,01042,009,15
39,01154,089,12
39,01210,065,05
39,01420,099,06
39,01420,151,13
39,01588,171,05
39,01630,045,15
39,01672,061,02
39,01742,025,02
39,01784,009,15
39,01798,093,04
39,01938,081,06
39,02022,141,15
39,02050,007,14
39,02092,149,04
39,02120,037,08
39,02148,111,06
39,02204,125,05
39,02232,169,16
39,02266,083,07
39,02274,055,14
39,02316,063,05
39,02330,037,08
39,02344,051,05
39,02400,063,05
39,02428,061,02
39,02568,005,07
39,02582,041,12
39,02638,007,14
39,02680,129,15
39,02722,087,06
39,02736,009,15
39,02820,147,04
39,02848,133,13
39,03086,133,14
39,03142,007,14
39,03184,099,13
39,03352,093,07
39,03464,093,09
39,03562,005,07
39,03585,055,14
39,03604,141,02
39,03646,173,05
39,03716,143,04
39,03744,031,07
39,03744,075,07
39,03744,157,07
39,03758,045,15
39,03786,013,06
39,03828,153,13
39,03926,013,06
39,03940,157,07
39,04094,147,04
39,04150,025,02
39,04192,121,06
39,04402,043,09
39,04416,035,09
39,04458,151,07
39,04500,035,11
39,04542,111,06
39,04696,131,02
39,04720,057,10
39,04752,003,04
39,04840,017,08
39,04878,035,11
39,04920,035,11
39,05013,089,12
39,05074,013,06
39,05102,057,10
39,05116,091,04
39,05130,091,04
39,05158,121,06
39,05228,043,04
39,05228,077,04
39,05228,143,04
39,05284,139,12
39,05312,013,06
39,05396,137,05
39,05410,099,06
39,05424,167,06
39,05550,035,14
39,05662,063,05
39,05676,001,02
39,05690,035,09
39,05690,035,16
39,05718,081,06
39,05732,095,05
39,05816,075,07
39,05900,043,04
39,06068,025,02
39,06138,013,06
39,06194,147,04
39,06208,043,09
39,06222,167,06
39,06278,049,03
39,06670,049,03
39,06740,083,07
39,06810,171,05
39,06908,027,15
39,06908,165,01
39,07062,173,05
39,07188,047,10
39,07202,081,06
39,07286,147,04
39,07300,061,02
39,07377,061,01
39,07426,003,04
39,07426,063,05
39,07454,099,13
39,07583,155,13
39,07594,157,07
39,07790,153,14
39,07832,149,04
39,07888,141,02
39,07916,067,06
39,07930,057,10
39,07972,173,05
39,08084,037,08
39,08084,109,08
39,08112,173,05
39,08168,133,13
39,08336,035,11
39,08364,035,14
39,08378,061,01
39,08392,045,15
39,08504,151,07
39,08532,049,03
39,08560,013,06
39,08602,061,01
39,08812,081,06
39,08826,133,16
39,09064,035,11
39,09200,155,13
39,09246,035,09
39,09274,035,11
39,09288,035,09
39,09316,013,06
39,09358,113,10
39,09386,125,05
39,09596,089,12
39,09680,103,07
39,09680,103,16
39,09792,171,05
39,09834,009,15
39,09834,073,15
39,09890,045,15
39,09890,089,12
39,09974,011,04
39,10030,033,04
39,10128,059,06
39,10156,071,02
39,10254,169,16
39,10282,143,04
39,10296,037,08
39,10296,107,08
39,10352,087,06
39,10436,055,14
39,10632,139,12
39,10674,165,01
39,10716,059,06
39,10800,067,06
39,10884,003,04
39,10926,029,06
39,10940,121,06
39,10954,101,04
39,10996,059,06
39,11024,135,08
39,11066,099,13
39,11150,061,01
39,11304,151,16
39,11318,031,07
39,11332,045,15
39,11332,049,03
39,11332,049,15
39,11334,117,12
39,11360,099,06
39,12000,151,07
39,12000,151,16
39,12056,073,15
39,12084,117,12
39,12112,175,05
39,12168,113,10
39,12168,165,01
39,12252,045,15
39,12280,019,06
39,12462,109,08
39,12476,043,09
39,12504,037,08
39,12560,023,08
39,12700,125,05
39,12784,057,10
39,12854,077,07
39,12868,107,04
39,12868,107,05
39,13036,083,07
39,13169,053,06
39,13190,057,10
39,13190,113,10
39,13358,035,14
39,13484,155,13
39,13554,055,14
39,13694,033,04
39,13778,009,15
39,13834,001,02
39,13848,061,02
39,13904,087,06
39,13932,053,06
39,14086,115,15
39,14100,055,14
39,14114,117,12
39,14128,061,01
39,14156,107,08
39,14184,141,02
39,14184,141,15
39,14226,025,02
39,14254,103,07
39,14280,091,04
39,14288,097,15
39,14296,021,04
39,14324,155,13
39,15000,061,01
39,15000,061,02
39,15008,005,07
39,15070,129,15
39,15210,111,06
39,15336,141,15
39,15406,027,15
39,15434,145,06
39,15588,123,05
39,15644,113,10
39,16000,035,09
39,16000,035,11
39,16014,035,11
39,16028,061,01
39,16056,023,08
39,16056,057,10
39,16182,153,16
39,16266,137,05
39,16308,143,04
39,16378,087,06
39,16434,079,06
39,16521,061,02
39,16532,107,08
39,16700,017,08
39,16700,135,08
39,16784,077,04
39,17036,029,06
39,17036,099,06
39,18000,041,12
39,18000,045,15
39,18000,049,03
39,18000,049,12
39,18000,049,15
39,18014,137,05
39,18070,129,15
39,18244,061,02
39,18266,031,07
39,18308,169,16
39,18350,007,14
39,18504,137,05
39,18546,161,05
39,18588,009,06
39,18770,127,15
39,18812,155,13
39,18840,165,01
39,18868,031,07
39,19008,061,01
39,19050,109,08
39,19106,099,13
39,19330,033,04
39,19330,139,07
39,19344,103,16
39,19344,169,16
39,19400,011,04
39,19456,127,15
39,19554,053,06
39,19596,023,08
39,19615,043,09
39,19694,059,06
39,19736,095,09
39,19736,123,05
39,19750,173,05
39,19778,153,13
39,19778,153,14
39,19806,035,11
39,19820,173,05
39,19848,131,02
39,19974,169,16
39,20030,029,06
39,20030,099,06
39,20114,083,07
39,20198,049,15
39,20212,129,15
39,20268,017,08
39,20366,025,02
39,21000,113,10
39,21266,061,02
39,21294,067,06
39,21308,039,05
39,21378,091,04
39,21434,041,12
39,21518,061,01
39,21560,019,06
39,21602,003,04
39,21602,161,05
39,21610,061,01
39,21616,051,05
39,21714,157,06
39,21742,061,01
39,21784,129,15
39,21812,069,05
39,21868,167,06
39,21910,121,06
39,22008,061,02
39,22022,081,06
39,22260,065,05
39,22288,023,08
39,22456,157,07
39,22568,169,16
39,22610,119,06
39,22624,113,10
39,22660,061,01
39,22674,061,02
39,22694,041,12
39,22694,049,12
39,22694,159,04
39,22820,119,12
39,22848,157,07
39,22946,065,05
39,22960,061,01
39,22974,137,05
39,23324,151,07
39,23380,035,11
39,23534,119,12
39,23618,085,14
39,23702,091,04
39,23730,029,06
39,23940,029,06
39,24024,029,06
39,24052,151,07
39,24234,135,08
39,24262,093,07
39,24486,171,05
39,24542,007,14
39,24598,117,12
39,24640,171,05
39,24766,135,08
39,24794,161,05
39,24808,003,04
39,24850,061,01
39,25144,123,05
39,25144,143,04
39,25186,061,01
39,25256,093,04
39,25368,081,06
39,25396,113,10
39,25452,023,08
39,25676,089,12
39,25704,035,11
39,25802,061,01
39,25914,057,10
39,25942,061,02
39,25970,017,08
39,25970,061,01
39,26110,045,15
39,26166,153,11
39,26306,085,14
39,26348,013,06
39,26348,059,06
39,26446,035,16
39,26656,113,10
39,26768,051,05
39,26796,015,02
39,26880,025,02
39,27048,063,05
39,27104,061,02
39,27303,165,01
39,27356,147,04
39,27412,109,08
39,27538,069,05
39,27552,013,06
39,27636,065,05
39,27636,175,05
39,27706,061,01
39,27776,061,02
39,27818,137,05
39,27832,149,04
39,27902,107,08
39,27930,147,04
39,27944,003,04
39,28014,063,05
39,28014,147,04
39,28014,173,05
39,28058,017,08
39,28182,141,15
39,28476,165,01
39,28532,145,06
39,28574,119,06
39,28616,169,16
39,28658,083,07
39,28798,067,06
39,28826,143,04
39,28882,031,07
39,28896,145,02
39,28966,061,02
39,29050,117,12
39,29064,119,12
39,29106,049,03
39,29106,049,12
39,29148,041,12
39,29162,033,04
39,29162,117,12
39,29162,139,07
39,29204,053,06
39,29246,083,07
39,29288,083,07
39,29428,035,11
39,29442,133,13
39,29442,133,14
39,29498,035,14
39,29610,007,14
39,29652,007,14
39,29722,123,05
39,29778,015,02
39,29932,113,10
39,29974,037,08
39,30072,143,04
39,30114,137,05
39,30198,155,13
39,30282,137,05
39,30352,013,06
39,30380,061,01
39,30436,127,15
39,30506,075,07
39,30520,029,06
39,30632,035,11
39,30660,103,16
39,30674,009,15
39,30702,157,06
39,30786,061,02
39,30828,047,15
39,30912,037,08
39,31150,093,04
39,31150,093,07
39,31206,173,05
39,31234,085,14
39,31262,061,01
39,31304,049,03
39,31304,049,15
39,31402,089,12
39,31434,089,12
39,31458,089,12
39,31458,119,12
39,31472,135,08
39,31542,111,06
39,31860,153,16
39,31948,101,04
39,32088,071,02
39,32088,141,15
39,32158,061,02
39,32207,023,08
39,32256,143,04
39,32256,147,04
39,32298,151,16
39,32340,037,08
39,32368,077,07
39,32536,061,01
39,32592,049,03
39,32592,049,15
39,32606,049,03
39,32606,049,15
39,32620,125,05
39,32956,163,15
39,32984,015,02
39,33012,017,08
39,33096,069,05
39,33194,087,06
39,33222,111,06
39,33292,089,12
39,33306,029,06
39,33362,089,12
39,33376,095,09
39,33656,175,05
39,33740,049,15
39,33740,129,15
39,33838,061,01
39,34090,067,06
39,34118,003,04
39,34202,089,12
39,34328,151,07
39,34384,165,01
39,34412,173,05
39,34552,125,05
39,34594,073,15
39,34636,005,07
39,34748,089,12
39,34790,089,12
39,34860,143,04
39,34888,127,15
39,35028,143,04
39,35098,039,05
39,35126,045,15
39,35126,073,15
39,35168,015,02
39,35210,071,02
39,35252,035,14
39,35255,035,11
39,35256,071,02
39,35322,061,01
39,35476,049,12
39,35476,049,15
39,35532,151,16
39,35560,071,02
39,35613,155,13
39,35658,133,14
39,35826,009,06
39,35854,069,05
39,35864,171,05
39,35866,077,07
39,35868,023,08
39,35882,095,05
39,35896,037,08
39,35924,013,06
39,35994,075,07
39,36176,029,06
39,36232,061,01
39,36260,067,06
39,36512,083,07
39,36557,155,13
39,36568,173,05
39,36582,155,13
39,36610,057,10
39,36610,109,08
39,36610,113,10
39,36624,049,03
39,36651,153,14
39,36806,165,01
39,36918,035,14
39,36918,055,14
39,36988,091,04
39,37016,043,09
39,37142,117,12
39,37240,035,14
39,37422,081,06
39,37464,087,06
39,37604,037,08
39,37842,079,06
39,38192,017,08
39,38220,149,04
39,38304,009,15
39,38374,057,10
39,38500,007,14
39,38920,047,10
39,38948,063,05
39,39060,005,07
39,39074,173,05
39,39130,111,06
39,39172,067,06
39,39340,089,12
39,39508,127,15
39,39536,137,05
39,39564,053,06
39,39578,147,04
39,39662,043,09
39,39872,133,13
39,39886,065,05
39,39914,061,02
39,40040,057,10
39,40040,113,10
39,40054,149,04
39,40096,169,16
39,40124,041,12
39,40180,075,07
39,40264,059,06
39,40348,165,01
39,40376,141,15
39,40507,155,14
39,40544,093,04
39,40558,175,05
39,40572,089,12
39,40642,085,14
39,40670,085,14
39,40978,171,05
39,41090,029,06
39,41118,003,04
39,41146,097,15
39,41188,013,06
39,41230,093,07
39,41349,075,07
39,41363,049,15
39,41373,135,08
39,41398,085,14
39,41419,015,02
39,41443,019,06
39,41454,153,16
39,41500,171,05
39,41552,123,09
39,41597,029,06
39,41608,091,04
39,41657,015,02
39,41664,035,09
39,41664,035,16
39,41720,045,15
39,41755,165,01
39,41860,013,06
39,41902,101,04
39,41986,125,05
39,42028,109,08
39,42084,073,15
39,42308,155,13
39,42364,165,01
39,42476,071,02
39,42518,019,06
39,42560,029,06
39,42602,137,05
39,42938,135,08
39,42966,091,04
39,42980,111,06
39,42994,139,12
39,43414,069,05
39,43554,003,04
39,43596,151,13
39,43722,061,01
39,43792,049,03
39,43904,143,04
39,43918,035,09
39,44030,029,06
39,44086,045,15
39,44086,049,15
39,44128,167,06
39,44310,049,03
39,44310,049,15
39,44310,129,15
39,44352,149,04
39,44366,061,02
39,44604,103,07
39,44632,073,15
39,44636,129,15
39,44674,097,15
39,44856,093,09
39,44912,155,13
39,44954,059,06
39,45066,005,07
39,45066,075,07
39,45094,151,07
39,45108,025,02
39,45108,061,02
39,45108,165,01
39,45122,061,01
39,45122,165,01
39,45164,167,06
39,45178,099,13
39,45220,167,06
39,45276,139,07
39,45304,145,06
39,45332,173,05
39,45374,109,08
39,45542,027,15
39,45542,071,02
39,45556,035,14
39,45626,051,05
39,45696,163,15
39,45794,069,05
39,45808,063,05
39,45822,115,15
39,45892,147,04
39,45892,175,05
39,45906,145,06
39,45934,155,13
39,45976,153,14
39,46046,065,05
39,46088,061,01
39,46144,155,13
39,46158,167,06
39,46312,061,02
39,46480,085,14
39,46830,159,04
39,46844,019,06
39,46844,151,07
39,46872,165,01
39,46942,069,05
39,46970,115,15
39,46998,019,06
39,47012,001,02
39,47138,139,12
39,47180,133,14
39,47306,035,11
39,47362,099,06
39,47445,155,13
39,47474,049,15
39,47502,123,09
39,47558,117,12
39,47600,061,02
39,47628,167,06
39,47754,101,04
39,47950,089,12
39,47992,175,05
39,48048,169,16
39,48090,083,07
39,48104,013,06
39,48118,027,15
39,48160,159,04
39,48188,165,01
39,48244,151,07
39,48244,151,16
39,48272,155,13
39,48286,167,06
39,48342,095,05
39,48468,035,14
39,48482,035,14
39,48706,021,04
39,48790,103,07
39,48790,103,16
39,48972,147,04
39,49000,125,05
39,49042,107,05
39,49056,085,14
39,49098,085,14
39,49238,051,05
39,49294,151,07
39,49420,061,01
39,49434,113,10
39,49462,061,01
39,49504,025,02
39,49644,035,16
39,49700,055,14
39,49728,161,05
39,49756,105,06
39,49840,017,08
39,49840,165,01
39,49896,027,15
39,49966,157,06
39,50008,097,15
39,50036,005,07
39,50134,043,04
39,50134,077,04
39,50176,025,02
39,50176,061,02
39,50218,159,04
39,50260,173,05
39,50316,047,10
39,50358,137,05
39,50372,075,07
39,50400,045,15
39,50456,009,15
39,50540,017,08
39,50708,173,05
39,50722,111,06
39,50764,157,07
39,50778,099,13
39,50778,155,13
39,50834,019,06
39,50834,029,06
39,50834,151,07
39,50862,049,03
39,50876,145,06
39,50904,081,06
39,50918,011,04
39,51058,133,16
39,51058,153,16
39,51212,061,01
39,51310,017,08
39,51310,165,01
39,51618,077,04
39,51674,107,04
39,51716,061,01
39,51772,171,05
39,51816,153,11
39,52010,113,10
39,52052,035,14
39,52178,155,13
39,52276,101,04
39,52346,013,06
39,52374,165,01
39,52416,025,02
39,52598,063,05
39,52612,025,02
39,52668,063,05
39,52682,169,16
39,52738,117,12
39,52752,061,02
39,52780,061,01
39,52906,015,02
39,52976,081,06
39,53032,025,02
39,53046,097,15
39,53102,083,07
39,53144,065,05
39,53186,071,02
39,53270,025,02
39,53312,153,14
39,53410,073,15
39,53480,021,04
39,53550,069,05
39,53634,075,07
39,53690,151,07
39,53718,095,05
39,53788,013,06
39,53802,029,06
39,53816,031,07
39,53886,009,15
39,53942,175,05
39,53956,025,02
39,53970,049,03
39,53970,049,12
39,53970,089,12
39,54012,081,06
39,54040,089,12
39,54068,067,06
39,54082,061,01
39,54110,069,05
39,54152,101,04
39,54166,145,02
39,54194,011,04
39,54250,035,11
39,54264,061,02
39,54320,159,04
39,54334,023,08
39,54432,157,06
39,54446,119,06
39,54562,153,16
39,54628,011,04
39,54684,061,01
39,54698,077,07
39,54726,047,10
39,54726,129,15
39,54838,011,04
39,54852,113,10
39,54866,127,15
39,54908,077,07
39,54978,037,08
39,55062,009,15
39,55104,017,08
39,55118,099,06
39,55188,135,08
39,55216,157,07
39,55244,169,16
39,55314,149,04
39,55342,167,06
39,55384,025,02
39,55398,147,04
39,55552,127,15
39,55650,155,13
39,55664,025,02
39,55678,061,02
39,55748,027,15
39,55776,033,04
39,55790,029,06
39,55818,037,08
39,55874,039,05
39,55916,155,13
39,56154,173,05
39,56182,061,01
39,56280,061,01
39,56294,151,16
39,56322,061,02
39,56420,077,07
39,56448,153,14
39,56553,061,01
39,56588,023,08
39,56700,007,14
39,56756,151,16
39,56770,021,04
39,56812,085,14
39,56882,035,16
39,56910,085,14
39,56924,035,11
39,56938,023,08
39,56966,093,07
39,56994,033,04
39,57008,035,16
39,57064,037,08
39,57190,173,05
39,57218,119,12
39,57260,153,16
39,57260,169,16
39,57302,077,04
39,57372,119,06
39,57386,061,02
39,57582,123,05
39,57596,079,06
39,57750,035,11
39,57764,113,10
39,57792,125,05
39,57834,093,04
39,57862,049,03
39,57862,049,15
39,57876,033,04
39,57918,047,10
39,58002,161,05
39,58149,017,08
39,58156,147,04
39,58226,059,06
39,58422,035,16
39,58520,139,07
39,58604,035,11
39,58674,155,13
39,58674,155,14
39,58730,095,09
39,58800,129,15
39,58828,169,16
39,58856,007,14
39,58912,037,08
39,58940,041,12
39,58982,137,05
39,59010,095,05
39,59052,137,05
39,59066,145,02
39,59220,025,02
39,59234,017,08
39,59416,085,14
39,59598,037,08
39,59724,047,10
39,59738,137,05
39,59920,023,08
39,61000,035,09
39,61000,035,16
39,61028,035,16
39,61056,157,07
39,61112,089,12
39,61182,065,05
39,61252,125,05
39,61322,125,05
39,61420,001,02
39,61504,173,05
39,61574,153,13
39,61686,035,11
39,61882,085,14
39,62134,151,07
39,62148,173,05
39,62190,005,07
39,62344,051,05
39,62404,093,07
39,62414,113,10
39,62442,119,12
39,62498,045,15
39,62498,049,03
39,62578,153,16
39,62708,131,02
39,62834,171,05
39,62848,109,08
39,62890,037,08
39,63030,097,15
39,63030,159,04
39,63044,031,07
39,63072,061,02
39,63436,059,06
39,63478,119,06
39,63534,109,08
39,63548,061,02
39,63576,165,01
39,63604,061,01
39,63618,061,01
39,63716,045,15
39,63758,097,15
39,63800,077,07
39,63800,139,07
39,63954,099,13
39,63996,005,07
39,64024,105,06
39,64108,173,05
39,64136,153,13
39,64150,123,09
39,64262,149,04
39,64304,145,02
39,64346,157,06
39,64360,027,15
39,64430,109,08
39,64472,081,06
39,64486,041,12
39,64542,013,06
39,64766,087,06
39,64780,101,12
39,64906,171,05
39,65032,123,09
39,65116,059,06
39,65200,091,04
39,65256,105,06
39,65298,041,12
39,65508,145,02
39,65592,133,13
39,65634,063,05
39,65662,081,06
39,65676,159,04
39,65732,061,02
39,66152,153,14
39,66180,061,01
39,66222,127,15
39,66250,167,06
39,66320,147,04
39,66390,045,15
39,66390,049,03
39,66390,089,12
39,66530,153,11
39,66824,081,06
39,66880,141,02
39,66894,035,11
39,66922,151,07
39,66936,159,04
39,67104,069,05
39,67118,065,05
39,67118,091,04
39,67258,053,06
39,67272,015,02
39,67314,173,05
39,67356,103,16
39,67356,169,16
39,67440,049,12
39,67468,113,10
39,67600,007,14
39,67664,151,07
39,67762,093,07
39,67804,073,15
39,67846,007,14
39,67874,107,05
39,68004,071,02
39,68042,123,05
39,68056,035,09
39,68056,035,16
39,68084,029,06
39,68196,001,02
39,68546,145,02
39,68560,119,12
39,68560,127,15
39,68574,021,04
39,68602,017,08
39,68672,037,08
39,68686,173,05
39,68714,061,02
39,68742,157,06
39,68938,173,05
39,69176,091,04
39,69204,045,15
39,69302,091,04
39,69316,015,02
39,69344,149,04
39,69358,105,06
39,69400,027,15
39,69470,061,01
39,69526,013,06
39,69540,107,08
39,69596,011,04
39,69652,089,12
39,69666,015,02
39,69680,011,04
39,69708,021,04
39,69834,029,06
39,69834,099,06
39,70050,061,02
39,70072,059,06
39,70100,029,06
39,70380,043,09
39,70464,157,07
39,70520,121,06
39,70534,015,02
39,70534,071,02
39,70548,111,06
39,70576,005,07
39,70618,153,13
39,70618,153,16
39,70814,067,06
39,70912,145,06
39,71080,125,05
39,71080,161,05
39,71206,001,02
39,71220,099,06
39,71360,059,06
39,71416,035,11
39,71444,017,08
39,71486,103,16
39,71640,013,06
39,71682,035,11
39,71892,017,08
39,71892,061,01
39,71958,061,01
39,71962,127,15
39,71976,041,12
39,71983,057,10
39,72060,093,04
39,72088,093,09
39,72102,139,07
39,72242,019,06
39,72256,039,05
39,72258,061,02
39,72298,139,07
39,72396,169,16
39,72424,149,04
39,72494,153,14
39,72522,061,02
39,72578,071,02
39,72620,061,01
39,72648,061,01
39,72648,061,02
39,72760,081,06
39,72788,169,16
39,72928,035,14
39,72977,127,15
39,72998,017,08
39,73040,093,04
39,73068,129,15
39,73118,155,13
39,73124,023,08
39,73264,035,11
39,73446,165,01
39,73670,087,06
39,73684,055,14
39,73698,141,15
39,73768,097,15
39,73796,023,08
39,73824,145,06
39,73894,119,12
39,73950,117,12
39,73992,103,07
39,74034,003,04
39,74076,113,10
39,74076,165,01
39,74104,061,01
39,74118,023,08
39,74216,057,10
39,74300,111,06
39,74566,169,16
39,74608,081,06
39,74622,009,15
39,74734,131,02
39,74748,115,15
39,74804,157,07
39,74832,143,04
39,74846,173,05
39,74916,045,15
39,74944,153,14
39,74958,157,07
39,75000,081,06
39,75014,133,13
39,75098,035,16
39,75126,099,13
39,75140,171,05
39,75196,133,13
39,75210,157,07
39,75252,045,15
39,75392,033,04
39,75406,121,06
39,75434,025,02
39,75574,029,06
39,75602,041,12
39,75896,051,05
39,75896,095,05
39,75980,175,05
39,76022,095,05
39,76050,105,06
39,76106,133,13
39,76106,133,16
39,76106,153,13
39,76148,045,15
39,76148,129,15
39,76197,061,01
39,76358,051,05
39,76428,061,02
39,76568,009,15
39,76582,061,01
39,76666,127,15
39,76680,127,15
39,76764,045,15
39,76778,147,04
39,76806,081,06
39,76834,085,14
39,76876,109,08
39,76890,067,06
39,76932,033,04
39,77000,095,05
39,77000,095,09
39,77070,173,05
39,77112,081,06
39,77308,023,08
39,77322,017,08
39,77406,009,15
39,77434,119,06
39,77504,113,10
39,77588,109,08
39,77812,105,06
39,77840,061,02
39,77924,157,06
39,78050,153,14
39,78078,153,14
39,78176,157,06
39,78470,109,08
39,78470,113,10
39,78624,037,08
39,78736,151,16
39,78834,159,04
39,78848,011,04
39,78932,035,11
39,79002,049,15
39,79044,175,05
39,79072,021,04
39,79100,049,03
39,79114,083,07
39,79114,089,12
39,79226,091,04
39,79268,035,14
39,79282,049,03
39,79394,063,05
39,79492,113,10
39,79534,063,05
39,79562,161,05
39,79590,137,05
39,79632,161,05
39,79716,043,09
39,79716,093,09
39,79898,113,10
39,79898,135,08
39,79912,037,08
39,79982,143,04
39,80066,155,13
39,80150,167,06
39,80178,053,06
39,80304,103,16
39,80402,085,14
39,80458,077,04
39,80486,173,05
39,80500,101,12
39,80612,075,07
39,80738,035,14
39,80766,011,04
39,80892,155,13
39,80990,035,11
39,81032,031,07
39,81718,047,10
39,81732,029,06
39,81732,099,06
39,81760,167,06
39,81858,095,05
39,81928,051,05
39,81942,131,02
39,82334,173,05
39,82348,037,08
39,82376,151,07
39,82390,011,04
39,82418,165,01
39,82642,093,07
39,82712,079,06
39,82740,029,06
39,82880,135,08
39,83090,113,10
39,83216,135,08
39,83342,041,12
39,83342,049,03
39,83342,049,12
39,83384,155,14
39,83468,103,16
39,83541,155,13
39,83580,097,15
39,83608,031,07
39,83622,035,16
39,83706,137,05
39,83734,091,04
39,83804,135,08
39,83818,091,04
39,83888,173,05
39,83902,109,08
39,83972,173,05
39,84140,145,02
39,84182,045,15
39,84196,169,16
39,84294,001,02
39,84308,171,05
39,84528,017,08
39,84574,175,05
39,84588,145,06
39,84742,049,03
39,84770,095,05
39,84812,061,01
39,84882,043,09
39,84882,143,04
39,85036,085,14
39,85085,143,04
39,85092,057,10
39,85190,163,15
39,85232,077,07
39,85288,025,02
39,85344,017,08
39,85414,129,15
39,85442,123,05
39,85484,085,14
39,85512,085,14
39,85638,085,14
39,85736,161,05
39,85792,027,15
39,85806,151,07
39,85834,013,06
39,85834,111,06
39,85876,001,02
39,85946,133,13
39,86072,075,07
39,86184,081,06
39,86254,025,02
39,86282,013,06
39,86366,061,02
39,86394,035,11
39,86436,111,06
39,86478,021,04
39,86492,143,04
39,86548,169,16
39,86604,049,03
39,86604,049,12
39,86632,161,05
39,86660,057,10
39,86730,061,02
39,86772,057,10
39,86856,155,13
39,86940,057,10
39,87164,037,08
39,87178,013,06
39,87178,081,06
39,88000,099,13
39,88000,155,13
39,88028,163,15
39,88070,091,04
39,88084,119,06
39,88084,119,12
39,88168,157,07
