OKLAHOMA CONGRESSIONAL DISTRICTS BY PLACE
State,Place,County,CongressionalDistrict
40,00100,013,02
40,00200,123,04
40,00250,097,02
40,00450,067,04
40,00600,115,02
40,00700,081,03
40,00900,135,02
40,00950,013,02
40,01050,127,02
40,01150,121,02
40,01250,051,04
40,01350,003,03
40,01400,063,02
40,01400,123,04
40,01700,065,03
40,01800,151,03
40,01900,051,04
40,01950,093,03
40,02000,003,03
40,02050,015,03
40,02250,127,02
40,02300,015,03
40,02500,039,03
40,02550,109,05
40,02600,019,04
40,02650,079,02
40,02750,013,02
40,02800,045,03
40,02900,121,02
40,03000,125,05
40,03050,121,02
40,03300,005,02
40,03350,063,02
40,03500,113,03
40,03815,135,02
40,04075,097,02
40,04250,113,03
40,04450,113,03
40,04450,147,01
40,04700,107,02
40,04750,007,03
40,04950,069,02
40,05000,111,02
40,05070,135,02
40,05090,001,02
40,05400,013,02
40,05550,041,02
40,05650,149,03
40,05700,109,05
40,05800,125,05
40,05900,035,02
40,06100,103,03
40,06200,015,03
40,06350,047,03
40,06400,143,01
40,06400,145,01
40,06450,117,03
40,06500,135,02
40,06600,071,03
40,06650,065,03
40,06700,051,04
40,06700,087,04
40,06900,013,02
40,06950,035,02
40,07300,025,03
40,07350,013,02
40,07450,079,02
40,07500,107,02
40,07750,023,02
40,07950,133,05
40,08050,135,02
40,08150,101,02
40,08300,051,04
40,08400,101,02
40,08450,071,03
40,08550,137,04
40,08600,047,03
40,08650,135,02
40,08725,051,04
40,08750,015,03
40,08775,021,02
40,08900,037,03
40,09050,143,01
40,09050,145,01
40,09100,089,02
40,09150,029,02
40,09150,069,02
40,09400,125,05
40,09612,041,02
40,09650,135,02
40,09850,059,03
40,09887,041,02
40,09950,113,03
40,10050,003,03
40,10250,149,03
40,10400,131,02
40,10450,039,03
40,10460,041,02
40,10550,087,04
40,10600,123,04
40,10650,003,03
40,10700,031,04
40,10800,013,02
40,10950,013,02
40,11050,017,03
40,11100,063,02
40,11150,043,03
40,11300,079,02
40,11450,121,02
40,11550,005,02
40,11600,011,03
40,11650,149,03
40,11750,151,03
40,11900,115,02
40,11975,135,02
40,12000,003,03
40,12050,015,03
40,12100,081,03
40,12200,047,03
40,12300,009,03
40,12550,013,02
40,12650,073,03
40,12650,083,03
40,12750,107,02
40,12900,131,01
40,12900,131,02
40,12900,145,01
40,12915,041,02
40,12930,097,02
40,12960,083,03
40,13000,015,03
40,13100,029,02
40,13135,137,04
40,13500,081,03
40,13600,031,04
40,13600,141,04
40,13650,091,02
40,13700,131,02
40,13750,003,03
40,13775,001,02
40,13800,093,03
40,13850,001,02
40,13900,129,03
40,13950,051,04
40,14200,109,04
40,14200,109,05
40,14300,097,02
40,14350,001,02
40,14500,083,03
40,14700,131,02
40,14900,127,02
40,15050,107,02
40,15250,041,02
40,15300,093,03
40,15350,117,03
40,15400,039,03
40,15400,149,03
40,15625,041,02
40,15800,029,02
40,16050,013,02
40,16100,041,02
40,16200,087,04
40,16350,131,01
40,16350,131,02
40,16350,143,01
40,16400,149,03
40,16450,137,04
40,16500,115,02
40,17050,075,03
40,17100,147,01
40,17110,041,02
40,17300,149,03
40,17350,067,04
40,17550,101,02
40,17700,047,03
40,17800,145,01
40,17850,079,02
40,17950,083,03
40,18250,083,03
40,18450,133,05
40,18550,121,02
40,18850,119,03
40,18950,039,03
40,19000,015,03
40,19050,151,03
40,19150,125,05
40,19350,081,03
40,19400,141,04
40,19450,049,04
40,19450,099,04
40,19650,053,03
40,19665,041,02
40,19850,105,02
40,19900,109,05
40,20100,041,02
40,20300,037,03
40,20450,033,04
40,20500,111,02
40,20550,147,01
40,20650,087,04
40,20700,019,04
40,20850,149,03
40,20900,097,02
40,21020,041,02
40,21150,115,02
40,21200,099,04
40,21250,047,03
40,21350,073,03
40,21672,041,02
40,21676,041,02
40,21700,047,03
40,21750,037,03
40,21750,119,03
40,21755,021,02
40,21760,091,02
40,21900,137,04
40,22050,013,02
40,22200,063,02
40,22275,135,02
40,22350,089,02
40,22400,015,03
40,22500,125,05
40,22550,065,03
40,23200,109,05
40,23300,021,02
40,23350,065,03
40,23450,031,04
40,23500,009,03
40,23550,065,03
40,23575,001,02
40,23600,049,04
40,23700,017,03
40,23900,137,04
40,23950,047,03
40,24200,009,03
40,24300,049,04
40,24460,027,04
40,24650,091,02
40,24762,135,02
40,24850,113,03
40,24875,001,02
40,24900,115,02
40,24950,047,03
40,25000,131,01
40,25000,131,02
40,25000,145,01
40,25100,093,03
40,25250,081,03
40,25400,077,02
40,25400,079,02
40,25450,045,03
40,25650,031,04
40,25850,025,03
40,26250,123,04
40,26350,031,04
40,26415,041,02
40,26525,135,02
40,26750,113,03
40,26850,109,05
40,26900,007,03
40,27100,015,03
40,27150,079,02
40,27200,021,02
40,27200,101,02
40,27350,153,03
40,27400,023,02
40,27450,149,03
40,27500,049,04
40,27600,131,02
40,27650,123,04
40,27800,141,04
40,27850,151,03
40,27900,065,03
40,28250,045,03
40,28350,135,02
40,28500,047,03
40,28700,089,02
40,28800,007,03
40,28900,011,03
40,28900,017,03
40,28950,019,04
40,29100,031,04
40,29150,063,02
40,29300,021,02
40,29400,119,03
40,29600,143,01
40,29850,087,04
40,29900,003,03
40,30200,139,03
40,30300,135,02
40,30350,075,03
40,30400,057,03
40,30600,015,03
40,30750,113,03
40,30850,141,04
40,30900,097,02
40,30915,021,02
40,30950,055,03
40,31000,023,02
40,31150,111,02
40,31165,001,02
40,31250,011,03
40,31425,131,02
40,31600,041,02
40,31700,083,03
40,31750,139,03
40,31900,121,02
40,32050,117,03
40,32250,039,03
40,32250,129,03
40,32350,091,02
40,32550,139,03
40,32750,109,05
40,32850,121,02
40,32900,101,02
40,33000,067,04
40,33150,089,02
40,33300,065,03
40,33350,019,04
40,33400,079,02
40,33450,003,03
40,33600,013,02
40,33700,073,03
40,33750,111,02
40,34150,099,04
40,34650,047,03
40,34750,015,03
40,34850,011,03
40,34900,091,02
40,35000,075,03
40,35300,111,02
40,35400,063,02
40,35500,057,03
40,35550,141,04
40,35850,113,03
40,36000,139,03
40,36020,097,02
40,36090,063,02
40,36150,079,02
40,36300,023,02
40,36400,021,02
40,36600,047,03
40,36700,011,03
40,36700,015,03
40,36750,089,02
40,36850,031,04
40,36945,041,02
40,36950,121,02
40,37100,131,02
40,37275,097,02
40,37350,093,03
40,37410,107,02
40,37650,041,02
40,37750,053,03
40,37800,143,01
40,37850,117,03
40,38000,003,03
40,38200,125,05
40,38350,109,05
40,38475,131,02
40,38600,041,02
40,38700,049,04
40,38800,071,03
40,39000,037,03
40,39050,013,02
40,39150,081,03
40,39200,013,02
40,39400,025,03
40,39450,041,02
40,39450,097,02
40,39500,061,02
40,39550,035,02
40,39550,041,02
40,39550,097,02
40,39600,025,03
40,39625,021,02
40,39750,037,01
40,39800,071,03
40,39850,073,03
40,39900,095,02
40,39950,061,02
40,40000,121,02
40,40100,007,03
40,40200,133,05
40,40300,121,02
40,40400,047,03
40,40700,047,03
40,40800,109,05
40,41250,063,02
40,41300,003,03
40,41350,053,03
40,41400,005,02
40,41500,035,02
40,41500,097,02
40,41550,083,03
40,41700,059,03
40,41760,037,03
40,41850,031,04
40,41900,041,02
40,41950,095,02
40,42050,043,03
40,42150,079,02
40,42200,029,02
40,42300,105,02
40,42450,085,04
40,42700,027,04
40,42855,135,02
40,42860,111,02
40,42860,143,01
40,43000,133,05
40,43057,131,01
40,43057,131,02
40,43150,049,04
40,43450,137,04
40,43500,097,02
40,43750,019,04
40,43850,075,03
40,43900,135,02
40,43950,011,03
40,43975,121,02
40,44000,015,03
40,44075,021,02
40,44100,143,01
40,44150,141,04
40,44300,073,03
40,44350,103,03
40,44500,109,05
40,44775,001,02
40,44800,121,02
40,44925,113,03
40,44950,061,02
40,45350,125,05
40,45500,125,05
40,45750,095,02
40,46000,053,03
40,46050,055,03
40,46150,141,04
40,46200,037,03
40,46200,117,03
40,46200,143,01
40,46300,069,02
40,46400,117,03
40,46450,135,02
40,46488,001,02
40,46500,085,04
40,46550,103,03
40,46600,137,04
40,46650,083,03
40,46700,065,03
40,46900,125,05
40,46900,133,05
40,47000,059,03
40,47150,049,04
40,47150,087,04
40,47200,097,02
40,47250,013,02
40,47300,053,03
40,47350,031,04
40,47450,081,03
40,47750,093,03
40,47800,083,03
40,47810,137,04
40,48000,115,02
40,48350,109,04
40,48350,109,05
40,48400,069,02
40,48500,069,02
40,48600,089,02
40,48750,051,04
40,49000,135,02
40,49200,027,04
40,49250,153,03
40,49400,111,02
40,49450,103,03
40,49550,037,01
40,49550,037,03
40,49600,075,03
40,49650,075,03
40,49825,001,02
40,49850,135,02
40,49900,083,03
40,49900,119,03
40,49950,097,02
40,50050,101,02
40,50100,017,03
40,50100,017,04
40,50150,153,03
40,50200,115,02
40,50250,071,03
40,50300,053,03
40,50975,003,03
40,51050,105,02
40,51150,087,04
40,51250,149,03
40,51275,041,02
40,51300,071,03
40,51750,095,02
40,51800,109,05
40,51850,109,04
40,51850,109,05
40,51900,135,02
40,52100,051,04
40,52150,027,04
40,52450,051,04
40,52500,027,04
40,52600,047,03
40,52700,115,02
40,52862,135,02
40,52900,105,02
40,53210,117,03
40,53350,037,03
40,53350,143,01
40,53400,095,02
40,53550,021,02
40,53550,041,02
40,53600,043,03
40,53700,147,01
40,54000,037,03
40,54050,017,03
40,54050,073,03
40,54100,145,01
40,54150,011,03
40,54200,107,02
40,55000,017,03
40,55000,017,04
40,55000,027,04
40,55000,109,04
40,55000,109,05
40,55000,125,05
40,55150,111,02
40,55200,101,02
40,55275,041,02
40,55285,001,02
40,55450,065,03
40,55750,131,02
40,55850,139,03
40,56050,083,03
40,56050,119,03
40,56150,113,03
40,56650,131,01
40,56650,131,02
40,56650,143,01
40,56800,107,02
40,56900,079,02
40,57100,049,04
40,57150,135,02
40,57300,021,02
40,57550,049,04
40,57600,113,03
40,57650,117,03
40,57875,001,02
40,57950,021,02
40,58050,097,02
40,58100,115,02
40,58150,119,03
40,58250,103,03
40,58400,021,02
40,58500,029,02
40,58550,115,02
40,58700,017,03
40,58700,073,03
40,59100,001,02
40,59125,135,02
40,59150,125,05
40,59175,097,02
40,59350,121,02
40,59700,051,04
40,59750,079,02
40,59850,071,03
40,59950,053,03
40,60150,145,01
40,60250,101,02
40,60350,079,02
40,60500,081,03
40,60750,001,02
40,60850,113,03
40,61000,097,02
40,61020,097,02
40,61150,027,04
40,61150,087,04
40,61250,043,03
40,61400,115,02
40,61550,121,02
40,61650,117,03
40,61700,147,01
40,61850,033,04
40,61900,019,04
40,61950,127,02
40,62000,069,02
40,62200,145,01
40,62275,135,02
40,62550,077,02
40,62650,103,03
40,62875,135,02
40,62900,053,03
40,62950,091,02
40,63100,129,03
40,63350,067,04
40,63450,093,03
40,63500,119,03
40,63537,101,02
40,63600,079,02
40,63700,149,03
40,63715,041,02
40,63720,001,02
40,63750,123,04
40,63800,135,02
40,63900,075,03
40,63950,097,02
40,64000,087,04
40,64050,059,03
40,64300,051,04
40,64600,067,04
40,64850,125,05
40,64875,001,02
40,64950,097,02
40,65000,135,02
40,65062,097,02
40,65240,101,02
40,65300,113,03
40,65300,143,01
40,65400,037,01
40,65400,037,03
40,65400,143,01
40,65500,133,05
40,65600,121,02
40,65650,023,02
40,65700,009,03
40,65900,111,02
40,66050,021,02
40,66250,043,03
40,66350,133,05
40,66400,149,03
40,66450,131,02
40,66510,021,02
40,66520,091,02
40,66540,117,03
40,66550,079,02
40,66600,037,03
40,66650,153,03
40,66750,045,03
40,66800,125,05
40,67200,113,03
40,67400,135,02
40,67550,013,02
40,67625,101,02
40,67800,117,03
40,67850,113,03
40,67850,143,01
40,67950,027,04
40,68000,037,03
40,68200,109,05
40,68250,089,02
40,68275,097,02
40,68400,075,03
40,68500,023,02
40,68537,101,02
40,68600,105,02
40,68950,081,03
40,69000,063,02
40,69050,097,02
40,69200,109,05
40,69300,113,03
40,69300,143,01
40,69350,079,02
40,69400,097,02
40,69500,019,04
40,70037,021,02
40,70150,031,04
40,70200,091,02
40,70250,061,02
40,70300,119,03
40,70350,001,02
40,70500,123,04
40,70512,135,02
40,70750,097,02
40,70800,049,04
40,70850,005,02
40,70950,129,03
40,71000,037,03
40,71000,081,03
40,71050,063,02
40,71250,067,04
40,71350,099,04
40,71450,101,02
40,71900,009,03
40,71900,129,03
40,71950,023,02
40,71965,041,02
40,72050,101,02
40,72075,041,02
40,72100,021,02
40,72200,131,02
40,72250,079,02
40,72350,043,03
40,72400,061,02
40,72500,019,04
40,72650,125,05
40,72750,033,04
40,72775,021,02
40,72800,021,02
40,72850,117,03
40,72900,067,04
40,72950,091,02
40,73100,139,03
40,73150,009,03
40,73200,085,04
40,73250,109,05
40,73450,039,03
40,73600,131,02
40,73850,141,04
40,73900,069,02
40,73950,001,02
40,74150,071,03
40,74400,125,05
40,74550,081,03
40,74650,145,01
40,75000,113,03
40,75000,131,01
40,75000,131,02
40,75000,143,01
40,75000,145,01
40,75050,029,02
40,75150,143,01
40,75200,007,03
40,75250,005,02
40,75300,127,02
40,75450,051,04
40,75600,041,02
40,75750,139,03
40,75950,017,03
40,76500,109,05
40,76600,131,02
40,76650,089,02
40,76900,137,04
40,76950,147,01
40,77000,051,04
40,77050,131,02
40,77250,135,02
40,77300,043,03
40,77550,035,02
40,77850,145,01
40,77900,101,02
40,77950,053,03
40,78150,033,04
40,78200,125,05
40,78250,105,02
40,78300,069,02
40,78400,101,02
40,78500,109,05
40,78650,081,03
40,78700,087,04
40,78950,011,03
40,79100,001,02
40,79150,001,02
40,79200,047,03
40,79250,067,04
40,79300,087,04
40,79350,151,03
40,79450,039,03
40,79600,113,03
40,79650,101,02
40,79750,035,02
40,79800,107,02
40,79850,021,02
40,79900,081,03
40,80230,001,02
40,80250,117,03
40,80350,041,02
40,80450,001,02
40,80500,063,02
40,80550,133,05
40,80800,061,02
40,80850,035,02
40,80900,079,02
40,80912,041,02
40,80975,097,02
40,81000,077,02
40,81300,055,03
40,81500,019,04
40,81575,111,02
40,81750,079,02
40,81912,021,02
40,82000,109,05
40,82150,153,03
40,82200,089,02
40,82250,115,02
40,82400,049,04
40,82450,113,03
40,82500,119,03
40,82650,063,02
40,82950,017,03
40,83030,021,02
40,83050,041,02
40,83125,001,02
