OREGON CONGRESSIONAL DISTRICTS BY PLACE
State,Place,County,CongressionalDistrict
41,00275,003,05
41,00350,059,02
41,00500,045,02
41,01000,003,05
41,01000,043,04
41,01650,067,01
41,01700,003,04
41,01800,003,04
41,01850,035,02
41,02000,071,01
41,02200,045,02
41,02250,065,02
41,02800,021,02
41,03050,029,02
41,03150,007,01
41,03200,059,02
41,03250,047,05
41,03300,047,05
41,03650,001,02
41,03800,011,04
41,03850,067,01
41,04000,005,05
41,04400,011,04
41,04800,057,05
41,04925,057,05
41,05200,057,05
41,05250,005,03
41,05250,005,05
41,05350,067,01
41,05700,003,04
41,05800,017,02
41,05950,067,01
41,06400,055,02
41,06650,017,02
41,06950,003,04
41,07200,049,02
41,07300,035,02
41,08600,045,02
41,08650,015,04
41,08750,047,05
41,09050,043,04
41,09535,067,01
41,09600,011,04
41,09800,025,02
41,10050,029,02
41,10100,047,05
41,10550,031,02
41,10750,005,05
41,10850,007,01
41,10950,023,02
41,11000,019,04
41,11050,057,05
41,11150,071,01
41,11600,027,02
41,11700,043,04
41,11850,033,04
41,11900,059,02
41,12050,067,01
41,12150,051,01
41,12150,067,01
41,12400,029,02
41,12800,065,02
41,13050,035,02
41,13750,009,01
41,14200,057,05
41,14400,039,04
41,14750,009,01
41,15000,021,02
41,15250,011,04
41,15350,011,04
41,15550,067,01
41,15800,003,04
41,15950,039,04
41,16250,061,02
41,16350,043,04
41,16450,025,02
41,16650,043,04
41,16950,039,04
41,17300,031,02
41,17700,053,05
41,17800,005,03
41,18150,019,04
41,18250,071,01
41,18300,023,02
41,18450,009,01
41,18850,041,05
41,19020,017,02
41,19100,047,05
41,19600,019,04
41,20100,047,05
41,20500,019,04
41,20900,065,02
41,21050,071,01
41,21150,039,04
41,21250,067,01
41,21450,017,02
41,21550,029,02
41,22200,059,02
41,22550,061,02
41,22800,019,04
41,23500,063,02
41,23550,053,05
41,23800,005,03
41,23850,039,04
41,24100,019,04
41,24250,051,03
41,24550,053,05
41,26050,039,04
41,26165,029,02
41,26200,067,01
41,26400,053,05
41,26400,071,01
41,26650,069,02
41,26750,047,05
41,27350,033,02
41,27825,067,01
41,27850,019,04
41,28000,057,05
41,28100,067,01
41,28100,071,01
41,28200,043,04
41,28200,047,05
41,28450,007,01
41,28650,047,05
41,29000,005,05
41,29100,011,04
41,29350,019,04
41,29750,019,04
41,29900,015,04
41,29950,029,02
41,30165,059,02
41,30250,005,03
41,30300,053,05
41,30300,071,01
41,30500,023,02
41,30550,033,02
41,30650,055,02
41,30750,019,04
41,31050,001,02
41,31050,023,02
41,31250,051,03
41,31600,001,02
41,31650,001,02
41,31750,043,04
41,32050,005,03
41,32050,005,05
41,32100,015,04
41,32400,045,02
41,32550,043,04
41,32850,047,05
41,33100,057,05
41,33250,059,02
41,33550,049,02
41,33700,059,02
41,34100,067,01
41,34250,025,02
41,34650,043,04
41,34900,027,02
41,35450,047,05
41,35700,001,02
41,35800,043,04
41,35800,047,05
41,35850,057,05
41,36050,061,02
41,36150,053,05
41,36400,049,02
41,36500,049,02
41,36750,061,02
41,37000,029,02
41,37200,007,01
41,37250,047,05
41,37400,005,05
41,37550,023,02
41,37650,005,05
41,37850,045,02
41,37900,063,02
41,38000,039,04
41,38150,045,02
41,38500,047,05
41,38900,033,04
41,39150,067,01
41,39350,003,04
41,39566,059,02
41,39700,035,02
41,40050,047,05
41,40150,043,04
41,40300,071,01
41,40350,061,02
41,40550,005,05
41,40550,051,03
41,40550,051,05
41,40550,067,01
41,40650,011,04
41,40700,037,02
41,40950,015,04
41,41050,017,02
41,41650,043,04
41,42200,049,02
41,42550,041,05
41,42600,041,05
41,43400,021,02
41,43550,023,02
41,43650,019,04
41,43900,063,02
41,44050,039,04
41,44300,043,04
41,45000,071,01
41,45250,031,02
41,45400,035,02
41,45700,057,05
41,45900,047,05
41,46500,065,02
41,46730,051,03
41,47000,029,02
41,47300,047,05
41,47350,019,04
41,47650,033,04
41,47700,035,02
41,47750,031,02
41,47800,067,01
41,48150,043,04
41,48150,047,05
41,48300,043,04
41,48600,059,02
41,48650,005,05
41,48650,051,03
41,49000,059,02
41,49150,069,02
41,49450,005,05
41,49550,053,05
41,49600,003,04
41,49750,023,02
41,50000,055,02
41,50050,065,02
41,50150,047,05
41,50200,027,02
41,50235,005,03
41,50250,023,02
41,50450,005,03
41,50450,005,05
41,50950,019,04
41,51050,011,04
41,51500,057,05
41,51700,057,05
41,51950,015,04
41,52000,057,05
41,52050,057,05
41,52100,071,01
41,52275,033,02
41,52400,037,02
41,52450,041,05
41,53000,011,04
41,53150,067,01
41,53300,061,02
41,53750,045,02
41,53900,005,05
41,53988,067,01
41,54000,019,04
41,54100,039,04
41,54325,005,05
41,54350,033,04
41,54450,057,05
41,54550,027,02
41,54900,045,02
41,55200,005,03
41,55200,005,05
41,56150,057,05
41,56250,037,02
41,56500,027,02
41,57150,059,02
41,57300,043,04
41,57450,003,04
41,57500,029,02
41,57650,059,02
41,57850,065,02
41,57875,065,02
41,58050,015,04
41,58550,037,02
41,59000,005,03
41,59000,005,05
41,59000,051,01
41,59000,051,03
41,59000,051,05
41,59000,067,01
41,59250,015,04
41,59600,011,04
41,59650,023,02
41,59750,009,01
41,59850,013,02
41,60070,017,02
41,60100,029,02
41,60850,009,01
41,60900,067,01
41,61200,017,02
41,61250,033,02
41,61300,019,04
41,61700,001,02
41,61800,053,05
41,61850,019,04
41,62250,005,05
41,62250,067,01
41,62412,059,02
41,62900,057,05
41,63010,067,01
41,63450,029,02
41,63650,019,04
41,63660,019,04
41,63800,041,05
41,63950,065,02
41,64150,029,02
41,64200,055,02
41,64600,009,01
41,64850,047,05
41,64900,047,05
41,64900,053,05
41,65250,005,03
41,65500,009,01
41,65650,043,04
41,65800,047,05
41,65950,007,01
41,66150,033,04
41,66200,023,02
41,66385,017,02
41,66550,029,02
41,66700,065,02
41,66900,043,04
41,67050,071,01
41,67100,067,01
41,67500,041,05
41,67600,037,02
41,67650,047,05
41,67950,017,02
41,68550,043,04
41,68875,043,04
41,69450,069,02
41,69600,039,04
41,69800,005,05
41,69900,059,02
41,70200,047,05
41,70700,047,05
41,70850,061,02
41,70870,003,04
41,71000,001,02
41,71250,017,02
41,71650,019,04
41,71950,043,04
41,72400,033,04
41,72500,029,02
41,72600,043,04
41,72800,017,02
41,72820,017,02
41,72950,065,02
41,73225,017,02
41,73650,067,01
41,73700,057,05
41,74000,041,05
41,74400,029,02
41,74650,019,04
41,74850,051,03
41,74950,005,05
41,74950,067,01
41,75050,017,02
41,75150,047,05
41,75185,059,02
41,75500,065,02
41,75550,059,02
41,75600,059,02
41,75650,059,02
41,75850,061,02
41,76250,001,02
41,76600,045,02
41,77050,039,04
41,77250,009,01
41,78000,041,05
41,78150,063,02
41,78160,063,02
41,78300,065,02
41,78600,031,02
41,78800,009,01
41,78900,007,01
41,78950,055,02
41,79050,043,04
41,79950,039,04
41,80025,051,03
41,80025,067,01
41,80150,005,05
41,80350,059,02
41,80400,007,01
41,80750,043,04
41,80900,067,01
41,81300,057,05
41,81450,029,02
41,82350,053,05
41,82350,071,01
41,82450,033,04
41,82800,005,05
41,82800,067,01
41,82850,029,02
41,83050,019,04
41,83400,019,04
41,83750,047,05
41,83950,051,03
41,84200,041,05
41,84250,071,01
41,84600,019,04
