PENNSYLVANIA CONGRESSIONAL DISTRICTS BY PLACE
State,Place,County,CongressionalDistrict
42,00100,027,05
42,00104,125,09
42,00116,001,04
42,00244,095,17
42,00332,129,18
42,00364,011,16
42,00364,071,16
42,00372,039,03
42,00396,111,09
42,00540,071,16
42,00572,015,10
42,00628,049,03
42,00652,025,11
42,00660,077,15
42,00676,045,07
42,00756,061,05
42,00764,087,10
42,00820,007,12
42,00924,011,07
42,00980,061,05
42,00988,125,09
42,01004,087,10
42,02000,077,15
42,02016,119,10
42,02040,051,09
42,02056,003,12
42,02072,033,05
42,02088,037,11
42,02128,011,06
42,02144,107,17
42,02184,013,09
42,02264,091,13
42,02288,007,12
42,02349,011,07
42,02416,077,15
42,02608,075,15
42,02720,005,03
42,02752,005,03
42,02826,091,13
42,02832,069,10
42,02832,069,17
42,02896,045,07
42,02896,091,02
42,02928,001,04
42,02968,037,11
42,03008,089,10
42,03008,089,17
42,03032,063,09
42,03088,129,14
42,03096,051,09
42,03104,117,10
42,03120,129,18
42,03264,037,11
42,03264,107,17
42,03272,079,11
42,03296,021,09
42,03312,001,04
42,03320,003,12
42,03384,029,07
42,03392,015,10
42,03424,087,10
42,03440,039,03
42,03464,097,11
42,03472,125,18
42,03480,005,03
42,03488,107,17
42,03544,091,06
42,03576,105,05
42,03608,003,14
42,03616,125,18
42,03632,035,05
42,03640,079,17
42,03648,075,06
42,03648,075,15
42,03656,029,16
42,03676,049,03
42,03688,129,12
42,03736,007,12
42,03768,125,09
42,03792,027,05
42,03800,071,16
42,03816,003,12
42,03864,003,12
42,03928,003,14
42,03984,011,06
42,04032,095,17
42,04136,121,05
42,04344,087,10
42,04432,095,15
42,04488,011,06
42,04568,125,18
42,04599,079,11
42,04608,123,05
42,04616,051,09
42,04688,007,12
42,04768,021,12
42,04792,007,12
42,04816,025,11
42,04824,109,10
42,04848,109,10
42,04896,011,06
42,04944,009,09
42,04984,035,05
42,05028,079,11
42,05152,095,15
42,05216,003,12
42,05256,027,05
42,05288,051,09
42,05304,087,10
42,05312,003,14
42,05384,013,09
42,05400,021,12
42,05504,003,14
42,05520,003,14
42,05536,001,04
42,05648,111,12
42,05672,125,09
42,05680,037,11
42,05776,111,09
42,05848,011,06
42,05856,043,11
42,05888,037,11
42,05904,029,06
42,05936,073,03
42,05976,127,10
42,06000,011,15
42,06064,003,18
42,06088,077,15
42,06088,095,15
42,06088,095,17
42,06171,107,17
42,06236,069,10
42,06236,127,10
42,06240,007,12
42,06280,033,05
42,06296,001,04
42,06344,065,05
42,06490,103,10
42,06496,071,16
42,06504,011,06
42,06560,061,05
42,06744,063,09
42,06824,099,10
42,06904,063,09
42,06928,069,17
42,06960,027,05
42,06976,021,09
42,06984,011,06
42,07000,003,14
42,07040,099,10
42,07120,039,03
42,07128,037,11
42,07160,117,10
42,07208,071,16
42,07224,091,07
42,07224,091,13
42,07312,055,09
42,07368,027,05
42,07384,059,09
42,07472,041,11
42,07480,129,12
42,07560,001,04
42,07616,045,07
42,07688,003,18
42,07712,111,12
42,07800,011,15
42,07880,025,17
42,07896,071,16
42,07960,011,06
42,07976,003,14
42,07992,003,14
42,08008,003,14
42,08024,129,12
42,08040,083,05
42,08064,003,12
42,08208,107,17
42,08240,107,17
42,08312,059,18
42,08392,077,15
42,08416,003,14
42,08432,043,11
42,08472,037,11
42,08504,071,16
42,08568,091,13
42,08624,003,18
42,08632,007,12
42,08744,033,05
42,08760,017,08
42,08819,017,08
42,08896,061,09
42,08960,065,05
42,09000,089,17
42,09080,045,07
42,09224,065,05
42,09248,045,07
42,09400,021,12
42,09416,071,16
42,09432,051,09
42,09496,079,17
42,09528,019,03
42,09696,091,13
42,09728,091,02
42,09792,037,11
42,09896,107,17
42,10096,051,09
42,10128,125,18
42,10224,125,18
42,10240,015,10
42,10256,087,10
42,10280,033,05
42,10464,019,03
42,10600,047,05
42,10720,111,12
42,10768,125,09
42,10792,031,03
42,10800,019,03
42,10808,111,09
42,10816,029,07
42,10816,029,16
42,10832,129,18
42,10912,039,03
42,10960,075,15
42,11000,041,04
42,11072,039,03
42,11152,125,18
42,11160,015,10
42,11232,069,17
42,11272,041,11
42,11328,059,09
42,11336,003,18
42,11348,003,18
42,11456,021,12
42,11472,001,04
42,11576,001,04
42,11616,021,12
42,11624,111,12
42,11632,061,09
42,11648,035,05
42,11680,003,18
42,11720,077,15
42,11736,037,11
42,11804,125,18
42,11836,087,10
42,11976,077,15
42,12104,011,15
42,12184,039,03
42,12224,125,09
42,12296,111,12
42,12312,037,11
42,12376,027,05
42,12396,077,15
42,12496,003,14
42,12504,017,08
42,12512,051,09
42,12536,055,09
42,12656,095,15
42,12704,125,09
42,12864,079,11
42,13120,063,09
42,13152,019,03
42,13168,095,15
42,13208,045,01
42,13208,045,07
42,13216,029,06
42,13232,045,07
42,13240,033,05
42,13384,021,09
42,13392,003,14
42,13400,063,09
42,13408,073,12
42,13418,029,06
42,13418,045,07
42,13440,019,03
42,13480,069,10
42,13512,071,07
42,13596,087,10
42,13608,003,14
42,13632,071,16
42,13648,017,08
42,13704,003,14
42,13768,027,05
42,13776,123,05
42,13800,031,05
42,13832,085,03
42,13864,069,10
42,13880,069,10
42,13896,059,09
42,13952,071,16
42,13992,013,09
42,14000,125,18
42,14064,033,05
42,14160,075,15
42,14264,045,07
42,14296,003,18
42,14376,121,05
42,14520,063,09
42,14568,125,09
42,14584,009,09
42,14600,107,17
42,14640,061,09
42,14656,033,05
42,14712,029,16
42,14760,027,05
42,14800,039,03
42,14808,029,07
42,14896,125,18
42,15192,091,06
42,15232,045,01
42,15248,129,18
42,15328,043,11
42,15368,011,06
42,15384,071,16
42,15400,123,05
42,15416,021,12
42,15432,045,01
42,15464,063,09
42,15479,103,10
42,15584,071,16
42,15680,111,09
42,15744,039,03
42,15755,039,03
42,15760,039,03
42,15776,051,09
42,15808,019,03
42,15848,091,13
42,15872,007,12
42,15888,079,11
42,16056,077,15
42,16080,121,05
42,16128,077,15
42,16136,063,09
42,16144,003,14
42,16256,075,06
42,16272,017,08
42,16296,049,05
42,16304,065,05
42,16448,105,05
42,16568,079,11
42,16816,129,12
42,16816,129,18
42,16848,003,14
42,16960,049,03
42,17024,063,09
42,17040,065,05
42,17136,021,09
42,17152,107,17
42,17320,125,18
42,17416,133,04
42,17440,031,05
42,17448,017,08
42,17528,059,09
42,17680,107,17
42,17832,003,12
42,17840,033,05
42,17976,021,12
42,18000,021,12
42,18048,079,11
42,18072,133,04
42,18080,097,11
42,18088,069,10
42,18136,093,11
42,18152,045,01
42,18192,007,12
42,18256,011,15
42,18272,043,11
42,18312,111,12
42,18360,051,09
42,18400,005,03
42,18496,125,18
42,18568,051,09
42,18576,107,17
42,18608,009,09
42,18664,107,17
42,18736,089,17
42,18768,129,12
42,18800,133,04
42,18888,071,16
42,18960,129,12
42,18998,077,15
42,19040,029,06
42,19048,097,10
42,19160,069,17
42,19161,063,09
42,19208,133,04
42,19432,107,17
42,19472,129,18
42,19536,125,09
42,19576,003,14
42,19584,077,15
42,19680,011,07
42,19696,133,04
42,19752,029,06
42,19784,017,08
42,19856,003,14
42,19920,045,07
42,19976,023,05
42,20080,059,09
42,20096,011,06
42,20104,017,08
42,20136,033,05
42,20144,081,10
42,20152,061,09
42,20216,051,09
42,20240,099,11
42,20248,013,09
42,20328,125,09
42,20336,021,12
42,20352,069,17
42,20416,035,05
42,20424,079,17
42,20432,003,14
42,20512,079,17
42,20528,113,10
42,20634,069,10
42,20648,113,10
42,20662,029,06
42,20664,027,05
42,20672,091,06
42,20704,009,09
42,20776,095,17
42,20792,001,04
42,20800,079,11
42,20840,031,03
42,20904,019,03
42,20992,021,12
42,21064,071,16
42,21176,013,09
42,21200,091,06
42,21384,045,01
42,21400,095,17
42,21444,003,14
42,21648,095,17
42,21688,071,16
42,21712,003,14
42,21728,133,04
42,21752,007,12
42,21786,067,10
42,21792,067,10
42,21816,025,11
42,21872,089,10
42,21960,051,09
42,21968,007,12
42,21976,129,12
42,22016,125,18
42,22104,133,04
42,22128,019,03
42,22144,021,12
42,22264,007,12
42,22280,017,08
42,22296,045,01
42,22344,051,09
42,22352,011,15
42,22520,003,14
42,22528,097,11
42,22576,003,18
42,22600,111,12
42,22608,049,05
42,22672,079,11
42,22680,089,17
42,22696,077,15
42,22712,021,12
42,22736,125,18
42,22800,125,09
42,22832,005,03
42,22888,083,05
42,22960,049,05
42,22976,021,12
42,22992,003,18
42,23016,071,16
42,23024,043,11
42,23152,117,10
42,23280,073,12
42,23296,125,18
42,23304,007,12
42,23304,073,12
42,23392,125,18
42,23440,029,07
42,23472,097,11
42,23540,089,17
42,23560,133,04
42,23568,031,05
42,23568,121,05
42,23584,077,15
42,23600,023,05
42,23616,003,14
42,23688,107,17
42,23704,043,11
42,23720,003,18
42,23744,041,04
42,23768,073,12
42,23832,071,16
42,24000,049,03
42,24040,063,09
42,24088,037,11
42,24160,003,14
42,24240,091,06
42,24240,091,07
42,24248,019,03
42,24304,009,09
42,24336,051,09
42,24392,079,17
42,24432,129,12
42,24440,029,06
42,24448,037,11
42,24488,131,11
42,24536,051,09
42,24544,059,09
42,24560,001,04
42,24664,051,09
42,24712,017,08
42,24832,019,03
42,24856,049,03
42,24948,097,11
42,25136,033,05
42,25136,065,05
42,25152,007,12
42,25168,071,16
42,25248,071,16
42,25280,051,09
42,25360,085,03
42,25416,133,04
42,25420,103,10
42,25424,081,10
42,25456,051,09
42,25464,055,09
42,25496,017,08
42,25568,129,18
42,25584,133,04
42,25680,021,12
42,25744,037,11
42,25752,019,03
42,25944,125,18
42,26232,071,16
42,26280,011,06
42,26296,035,05
42,26328,001,04
42,26376,091,07
42,26376,091,13
42,26397,011,06
42,26408,045,01
42,26432,045,07
42,26488,013,09
42,26504,047,05
42,26512,005,03
42,26520,005,03
42,26560,115,10
42,26592,003,14
42,26704,107,17
42,26760,113,10
42,26812,075,15
42,26824,055,09
42,26872,091,07
42,26872,091,13
42,26880,079,11
42,26960,083,05
42,26984,037,11
42,27008,077,15
42,27024,107,17
42,27112,031,05
42,27120,003,12
42,27130,011,06
42,27207,019,03
42,27232,107,17
42,27312,007,12
42,27360,021,12
42,27456,121,05
42,27552,003,12
42,27576,133,04
42,27648,039,03
42,27656,075,15
42,27672,125,09
42,27688,085,03
42,27696,109,10
42,27712,007,12
42,27744,079,11
42,27760,095,17
42,27784,005,03
42,27928,111,12
42,27936,107,17
42,27968,115,10
42,28014,073,03
42,28128,011,15
42,28144,077,15
42,28280,105,05
42,28328,021,09
42,28376,071,07
42,28456,081,10
42,28488,001,04
42,28520,111,09
42,28600,125,18
42,28720,021,12
42,28768,039,03
42,28824,007,12
42,28828,071,07
42,28832,079,17
42,28960,001,04
42,29000,011,07
42,29040,003,12
42,29088,107,17
42,29096,091,06
42,29232,049,03
42,29264,107,17
42,29392,007,12
42,29432,003,14
42,29496,069,10
42,29512,063,09
42,29568,095,17
42,29592,003,14
42,29632,033,05
42,29680,079,11
42,29720,045,01
42,29720,045,07
42,29732,003,12
42,29760,133,04
42,29800,003,12
42,29808,091,13
42,30013,103,10
42,30016,133,04
42,30096,071,16
42,30128,107,17
42,30136,071,07
42,30192,011,07
42,30192,011,16
42,30200,089,17
42,30200,127,10
42,30224,063,09
42,30280,033,05
42,30435,133,04
42,30472,087,10
42,30512,129,18
42,30528,033,05
42,30600,043,11
42,30704,013,09
42,30728,115,10
42,30896,055,09
42,31038,011,06
42,31082,125,18
42,31088,091,08
42,31120,003,18
42,31192,059,09
42,31200,129,18
42,31208,015,10
42,31256,003,14
42,31328,085,03
42,31368,013,09
42,31536,107,17
42,31568,011,06
42,31592,051,09
42,31656,085,03
42,31716,055,09
42,31840,039,03
42,32024,091,06
42,32032,043,11
42,32056,133,04
42,32080,115,10
42,32120,011,15
42,32320,001,04
42,32384,121,05
42,32448,133,04
42,32600,079,11
42,32616,091,08
42,32656,039,03
42,32688,019,03
42,32800,043,04
42,32800,043,11
42,32864,129,18
42,32896,019,03
42,32936,119,10
42,32976,039,03
42,33000,079,11
42,33024,003,14
42,33072,121,05
42,33080,021,09
42,33088,091,13
42,33112,091,08
42,33154,045,07
42,33154,091,02
42,33184,033,05
42,33200,127,10
42,33216,031,03
42,33312,003,12
42,33408,079,11
42,33504,075,06
42,33528,107,17
42,33576,107,17
42,33592,003,18
42,33632,001,04
42,33672,063,09
42,33744,095,15
42,33772,103,10
42,33840,125,18
42,34008,011,06
42,34048,129,18
42,34064,085,03
42,34080,097,11
42,34144,043,15
42,34256,125,18
42,34308,079,11
42,34592,087,10
42,34664,043,11
42,34776,079,17
42,34784,051,09
42,35120,077,15
42,35172,025,11
42,35224,013,09
42,35364,019,03
42,35408,063,09
42,35424,003,14
42,35448,107,17
42,35488,007,12
42,35520,127,10
42,35528,029,07
42,35576,007,12
42,35608,111,12
42,35624,115,10
42,35632,071,16
42,35648,009,09
42,35728,051,09
42,35800,091,07
42,35800,091,13
42,35872,129,18
42,35888,027,05
42,35896,125,18
42,35928,033,05
42,35960,027,05
42,36064,027,05
42,36096,079,17
42,36152,079,17
42,36160,081,10
42,36192,017,08
42,36232,043,15
42,36240,109,10
42,36288,129,18
42,36352,001,04
42,36368,061,05
42,36568,033,05
42,36576,011,16
42,36592,129,12
42,36616,039,03
42,36640,009,09
42,36712,001,04
42,36768,003,18
42,36816,063,09
42,36888,111,09
42,36904,025,11
42,36904,089,17
42,36944,007,12
42,37000,003,14
42,37008,079,17
42,37016,071,07
42,37024,037,11
42,37192,033,05
42,37208,129,18
42,37304,017,08
42,37496,085,03
42,37545,027,05
42,37552,063,09
42,37584,011,06
42,37640,133,04
42,37656,047,05
42,37696,085,03
42,37728,037,11
42,37784,129,18
42,37792,079,11
42,37880,059,09
42,37944,133,04
42,37955,003,18
42,38000,091,13
42,38048,111,12
42,38096,069,17
42,38104,111,12
42,38128,081,10
42,38152,037,11
42,38160,069,17
42,38200,025,17
42,38240,125,18
42,38248,047,05
42,38288,021,12
42,38392,037,11
42,38400,075,15
42,38528,027,05
42,38640,087,10
42,38688,083,05
42,38744,097,10
42,38768,019,03
42,39056,107,17
42,39224,011,15
42,39256,011,06
42,39272,029,06
42,39280,081,10
42,39336,121,05
42,39352,029,16
42,39504,039,03
42,39512,047,05
42,39736,091,07
42,39736,091,13
42,39784,079,11
42,39944,071,07
42,39960,005,03
42,40016,087,10
42,40040,005,03
42,40136,107,17
42,40272,031,05
42,40360,117,10
42,40400,007,12
42,40432,109,10
42,40464,109,10
42,40584,097,11
42,40608,091,07
42,40656,011,15
42,40666,011,15
42,40680,033,05
42,40744,131,11
42,40848,079,17
42,40948,019,03
42,40960,049,03
42,40981,001,04
42,40982,085,03
42,40988,001,04
42,40992,013,09
42,41080,131,11
42,41099,107,17
42,41104,035,05
42,41192,071,16
42,41216,071,16
42,41264,107,17
42,41272,099,10
42,41304,071,16
42,41336,115,10
42,41376,125,18
42,41392,017,08
42,41416,017,08
42,41432,091,13
42,41440,045,01
42,41464,025,17
42,41512,113,10
42,41608,079,11
42,41680,129,18
42,41700,079,11
42,41768,011,06
42,41768,011,16
42,41834,129,18
42,41848,079,11
42,41856,119,10
42,41880,077,15
42,41904,107,17
42,41944,043,11
42,41968,125,18
42,41992,049,05
42,42016,117,10
42,42032,129,18
42,42084,071,16
42,42168,075,06
42,42168,075,15
42,42192,075,06
42,42280,005,03
42,42328,031,05
42,42352,011,06
42,42392,003,18
42,42472,025,17
42,42596,051,09
42,42632,027,05
42,42640,051,09
42,42648,041,04
42,42672,005,03
42,42688,011,15
42,42704,043,11
42,42824,015,10
42,42912,129,18
42,42928,017,08
42,42968,133,04
42,42976,119,10
42,42984,083,05
42,43000,087,10
42,43064,003,14
42,43128,117,10
42,43224,037,11
42,43232,129,18
42,43248,021,12
42,43272,045,07
42,43320,037,11
42,43408,003,14
42,43496,011,16
42,43544,029,07
42,43544,029,16
42,43552,039,03
42,43656,039,03
42,43672,043,11
42,43704,119,10
42,43720,045,07
42,43747,029,06
42,43816,071,16
42,43828,071,16
42,43928,115,10
42,43944,001,04
42,43968,099,10
42,44128,035,05
42,44224,037,11
42,44224,107,17
42,44400,035,05
42,44416,133,04
42,44512,125,09
42,44528,087,10
42,44664,021,12
42,44672,011,06
42,44704,021,09
42,44824,041,04
42,44864,129,12
42,45192,129,12
42,45312,063,09
42,45448,033,05
42,45452,087,10
42,45568,079,11
42,45592,043,11
42,45732,051,09
42,45732,129,18
42,45752,011,15
42,45824,107,17
42,45848,067,10
42,45992,109,10
42,46000,057,09
42,46016,061,05
42,46072,003,18
42,46072,125,18
42,46112,035,05
42,46120,097,10
42,46160,125,18
42,46216,049,05
42,46232,107,17
42,46256,003,14
42,46264,003,14
42,46312,001,04
42,46344,125,18
42,46376,001,04
42,46392,077,15
42,46400,087,10
42,46488,129,18
42,46504,027,05
42,46568,033,05
42,46592,107,17
42,46720,037,11
42,46728,087,10
42,46792,029,06
42,46800,129,18
42,46864,133,04
42,46888,071,16
42,46944,009,09
42,47000,129,18
42,47064,005,03
42,47080,117,10
42,47152,091,07
42,47152,091,13
42,47248,061,05
42,47264,059,09
42,47344,045,07
42,47400,125,18
42,47404,031,05
42,47416,053,05
42,47424,071,16
42,47464,055,09
42,47472,063,09
42,47480,097,11
42,47544,061,09
42,47560,051,09
42,47600,107,17
42,47672,019,03
42,47736,097,11
42,47872,013,09
42,47896,095,17
42,47968,099,11
42,48000,051,09
42,48032,103,10
42,48048,103,10
42,48064,059,09
42,48072,087,10
42,48176,069,17
42,48224,071,16
42,48320,125,18
42,48336,019,03
42,48360,039,03
42,48376,041,04
42,48376,041,11
42,48448,107,17
42,48480,045,07
42,48696,085,03
42,48704,055,09
42,48728,019,03
42,48824,011,15
42,48856,131,11
42,48868,041,04
42,48904,067,10
42,48912,111,09
42,48960,109,10
42,49048,107,17
42,49128,043,15
42,49144,095,17
42,49184,007,12
42,49224,001,04
42,49240,125,18
42,49272,067,10
42,49288,119,10
42,49304,067,10
42,49312,037,11
42,49368,027,05
42,49400,103,10
42,49440,017,08
42,49504,045,01
42,49552,061,05
42,49680,043,11
42,49720,099,10
42,49728,071,16
42,49736,117,10
42,49760,035,05
42,49768,027,05
42,49880,125,09
42,49920,003,14
42,49936,049,05
42,49944,037,11
42,49960,129,12
42,50000,087,10
42,50016,097,10
42,50088,107,17
42,50104,027,05
42,50208,079,11
42,50232,029,16
42,50272,011,07
42,50280,011,15
42,50320,007,12
42,50344,129,09
42,50408,125,09
42,50432,015,10
42,50528,003,12
42,50528,003,14
42,50528,003,18
42,50544,055,09
42,50552,097,10
42,50632,081,10
42,50672,091,13
42,50720,081,10
42,50736,115,10
42,50748,011,07
42,50748,011,16
42,50760,027,05
42,50880,069,17
42,51016,011,07
42,51016,071,16
42,51120,033,05
42,51144,017,08
42,51152,059,18
42,51176,045,07
42,51208,069,10
42,51240,027,05
42,51320,011,15
42,51344,089,10
42,51384,079,11
42,51488,107,17
42,51496,097,11
42,51536,069,10
42,51552,027,05
42,51568,075,15
42,51576,075,06
42,51592,041,11
42,51632,083,05
42,51656,071,16
42,51720,059,18
42,51744,003,14
42,51760,011,16
42,51880,129,18
42,51904,109,10
42,51912,089,10
42,51984,061,05
42,52016,071,16
42,52056,133,04
42,52216,011,06
42,52224,107,17
42,52264,081,10
42,52312,021,12
42,52320,003,14
42,52432,129,12
42,52440,125,18
42,52488,075,06
42,52584,079,11
42,52616,021,12
42,52632,051,09
42,52664,091,02
42,52808,095,17
42,52872,057,09
42,52968,059,09
42,52984,079,11
42,53088,025,17
42,53152,015,10
42,53160,129,12
42,53168,111,09
42,53184,073,12
42,53192,073,03
42,53200,119,10
42,53208,011,06
42,53248,031,03
42,53288,007,12
42,53296,017,08
42,53320,099,10
42,53336,033,05
42,53344,041,11
42,53368,073,03
42,53392,073,03
42,53416,111,12
42,53432,119,10
42,53448,079,11
42,53464,041,04
42,53496,125,09
42,53504,051,09
42,53544,129,12
42,53568,133,04
42,53576,059,18
42,53592,007,12
42,53696,071,16
42,53712,017,08
42,53728,011,06
42,53736,129,14
42,53752,041,04
42,53768,085,03
42,53856,075,06
42,53872,133,04
42,53880,115,10
42,53916,011,07
42,53920,001,04
42,53928,009,09
42,53944,107,17
42,53968,099,10
42,54016,107,17
42,54024,013,09
42,54040,051,09
42,54056,133,04
42,54064,011,15
42,54104,129,18
42,54160,087,10
42,54184,017,08
42,54264,107,17
42,54268,017,08
42,54288,077,15
42,54320,041,11
42,54344,033,05
42,54352,073,03
42,54400,131,11
42,54520,027,05
42,54552,019,03
42,54568,003,18
42,54656,091,13
42,54696,095,15
42,54728,005,03
42,54776,129,09
42,54816,003,14
42,54872,095,15
42,54888,125,09
42,54952,049,05
42,55000,021,09
42,55000,021,12
42,55136,129,18
42,55304,027,05
42,55456,097,10
42,55480,005,03
42,55512,091,13
42,55520,123,05
42,55572,049,05
42,55584,013,09
42,55608,133,04
42,55616,129,18
42,55664,045,07
42,55728,131,11
42,55752,079,11
42,55792,037,11
42,55808,079,11
42,55808,107,17
42,55840,003,18
42,55969,019,03
42,55996,021,12
42,56000,073,03
42,56008,115,10
42,56088,003,14
42,56232,073,03
42,56264,043,11
42,56408,051,09
42,56432,007,12
42,56456,121,05
42,56488,033,05
42,56496,129,12
42,56576,069,17
42,56624,095,17
42,56664,011,07
42,56704,051,09
42,56792,069,10
42,56792,069,17
42,56816,107,17
42,56912,037,11
42,56928,061,09
42,56960,005,03
42,57024,091,07
42,57024,091,13
42,57112,055,09
42,57120,001,04
42,57160,027,05
42,57184,107,17
42,57192,107,17
42,57232,033,05
42,57280,105,05
42,57376,081,10
42,57480,029,16
42,57544,111,12
42,57648,043,15
42,57680,095,17
42,57696,025,17
42,57720,075,15
42,57752,107,17
42,57816,029,06
42,57840,071,07
42,57904,079,11
42,57928,125,18
42,57968,107,17
42,57976,005,03
42,58032,029,16
42,58036,027,05
42,58176,045,07
42,58240,133,04
42,58304,025,17
42,58384,007,12
42,58432,021,09
42,58504,043,11
42,58528,043,11
42,58536,109,10
42,58696,095,17
42,58712,043,11
42,58776,055,09
42,58872,129,18
42,58936,017,08
42,58948,089,10
42,59054,079,11
42,59120,091,06
42,59152,003,18
42,59160,109,10
42,59176,011,06
42,59176,011,16
42,59212,049,05
42,59296,133,04
42,59304,011,07
42,59312,091,02
42,59344,071,16
42,59384,017,08
42,59520,051,09
42,59616,061,05
42,59672,019,03
42,60000,101,01
42,60000,101,02
42,60000,101,13
42,60008,027,05
42,60120,029,06
42,60136,081,10
42,60224,079,11
42,60264,043,11
42,60432,027,05
42,60456,107,17
42,60496,027,05
42,60547,103,10
42,60712,003,14
42,61000,003,14
42,61048,079,17
42,61080,041,11
42,61112,079,17
42,61168,049,03
42,61232,027,05
42,61312,075,15
42,61328,003,18
42,61432,005,03
42,61496,009,09
42,61512,121,05
42,61536,003,12
42,61624,017,08
42,61632,063,09
42,61648,079,11
42,61688,091,07
42,61688,091,13
42,61704,033,05
42,61756,103,10
42,61768,089,17
42,61773,103,10
42,61774,127,10
42,61788,103,10
42,61864,051,09
42,61936,121,05
42,61968,029,16
42,62048,021,12
42,62088,083,05
42,62128,107,17
42,62136,107,17
42,62224,019,03
42,62264,095,17
42,62280,027,05
42,62304,067,10
42,62312,109,10
42,62320,003,14
42,62340,087,10
42,62396,091,06
42,62416,091,06
42,62432,107,17
42,62712,079,11
42,62736,043,11
42,62744,127,10
42,62752,019,03
42,62784,023,05
42,62792,045,07
42,62920,065,05
42,63009,039,03
42,63011,039,03
42,63013,039,03
42,63048,017,08
42,63064,071,16
42,63116,133,04
42,63160,075,06
42,63288,133,04
42,63312,009,09
42,63349,027,05
42,63360,033,05
42,63408,003,14
42,63416,097,11
42,63488,095,15
42,63496,035,05
42,63496,081,10
42,63536,107,17
42,63624,011,16
42,63664,071,16
42,63688,027,05
42,63808,091,06
42,63840,133,04
42,63976,087,10
42,64032,071,16
42,64056,011,15
42,64072,011,06
42,64104,107,17
42,64112,071,16
42,64184,003,18
42,64188,107,17
42,64200,035,05
42,64224,051,09
42,64288,021,12
42,64296,083,05
42,64368,085,03
42,64376,065,05
42,64392,071,16
42,64432,059,09
42,64440,039,03
42,64464,017,08
42,64488,067,10
42,64488,109,10
42,64560,075,06
42,64584,017,08
42,64784,047,05
42,64832,045,07
42,64856,017,08
42,64904,031,03
42,65000,107,17
42,65088,021,12
42,65112,097,10
42,65112,097,11
42,65192,011,06
42,65256,013,09
42,65336,011,06
42,65360,063,09
42,65392,007,12
42,65496,061,09
42,65568,091,13
42,65736,111,12
42,65848,059,18
42,65872,037,11
42,65944,015,10
42,65976,051,09
42,65984,071,16
42,66016,125,09
42,66168,095,17
42,66192,045,01
42,66232,117,10
42,66304,063,09
42,66320,003,18
42,66384,035,05
42,66392,071,16
42,66408,105,05
42,66440,121,05
42,66448,055,09
42,66472,051,09
42,66560,043,15
42,66576,091,06
42,66696,037,11
42,66720,005,03
42,66808,123,05
42,66832,003,12
42,66864,043,11
42,66928,045,07
42,67120,039,03
42,67224,107,17
42,67256,009,09
42,67304,011,06
42,67344,047,05
42,67352,021,12
42,67384,031,05
42,67416,129,18
42,67584,111,09
42,67608,021,12
42,67616,081,10
42,67632,061,09
42,67648,063,09
42,67656,071,16
42,67712,091,06
42,67744,075,15
42,67784,033,05
42,67848,085,03
42,67872,027,05
42,67920,021,09
42,68036,089,17
42,68036,103,10
42,68056,019,03
42,68072,009,09
42,68088,089,17
42,68096,015,10
42,68104,021,12
42,68144,075,06
42,68152,009,09
42,68188,041,11
42,68192,077,15
42,68200,071,16
42,68248,011,15
42,68312,107,17
42,68328,091,06
42,68376,055,09
42,68432,129,18
42,69000,069,17
42,69216,109,10
42,69248,017,08
42,69256,107,17
42,69272,121,05
42,69309,019,03
42,69336,051,09
42,69336,111,12
42,69360,133,04
42,69368,129,12
42,69376,003,12
42,69400,003,12
42,69416,003,12
42,69456,061,09
42,69600,097,11
42,69616,109,10
42,69680,111,09
42,69715,019,03
42,69720,085,03
42,69752,045,01
42,69776,003,14
42,69800,085,03
42,69816,011,15
42,69832,079,11
42,69936,085,03
42,69952,079,11
42,69984,123,05
42,70040,063,09
42,70056,107,17
42,70064,107,17
42,70128,107,17
42,70224,079,11
42,70248,011,06
42,70256,133,04
42,70304,105,05
42,70352,041,11
42,70352,055,09
42,70362,041,11
42,70368,031,05
42,70376,007,12
42,70384,041,04
42,70408,061,05
42,70464,011,15
42,70568,133,04
42,70640,021,12
42,70652,089,17
42,70664,087,10
42,70704,079,11
42,70744,017,08
42,70840,069,10
42,70880,011,16
42,71008,091,07
42,71032,043,15
42,71056,037,11
42,71080,077,15
42,71144,077,15
42,71160,129,12
42,71176,031,03
42,71184,019,03
42,71210,019,03
42,71232,125,18
42,71248,083,05
42,71256,063,09
42,71320,051,09
42,71424,129,18
42,71456,051,09
42,71504,071,16
42,71600,027,05
42,71620,073,03
42,71688,097,11
42,71694,027,05
42,71776,111,12
42,71848,071,07
42,71848,071,16
42,71856,091,08
42,71976,005,03
42,72072,029,16
42,72080,051,09
42,72168,021,12
42,72192,129,18
42,72216,007,12
42,72344,021,12
42,72376,073,03
42,72403,003,18
42,72416,027,05
42,72432,029,06
42,72448,035,05
42,72520,011,06
42,72552,051,09
42,72576,125,18
42,72592,015,10
42,72616,129,18
42,72648,081,10
42,72704,039,03
42,72736,125,09
42,72768,017,08
42,72872,039,03
42,72920,029,06
42,72960,003,14
42,73192,133,04
42,73224,021,12
42,73264,091,07
42,73264,091,13
42,73288,027,05
42,73296,011,16
42,73312,091,08
42,73318,011,06
42,73528,133,04
42,73704,123,05
42,73720,051,09
42,73784,127,10
42,73808,027,05
42,73848,055,09
42,73888,043,11
42,74040,071,16
42,74104,133,04
42,74160,077,15
42,74184,037,11
42,74224,125,09
42,74232,095,17
42,74288,085,03
42,74360,009,09
42,74416,133,04
42,74448,011,06
42,74544,027,05
42,74568,011,06
42,74660,091,06
42,74672,111,12
42,74712,071,16
42,74728,031,05
42,74744,011,15
42,74848,087,10
42,74864,097,11
42,74888,089,10
42,74944,003,18
42,75000,121,05
42,75024,123,05
42,75072,079,11
42,75136,021,12
42,75168,065,05
42,75248,025,17
42,75272,107,17
42,75304,097,11
42,75381,103,10
42,75432,089,17
42,75568,115,10
42,75574,133,04
42,75584,129,18
42,75648,045,01
42,75664,071,16
42,75728,105,05
42,75816,003,14
42,75832,079,11
42,75888,065,05
42,75944,015,10
42,75968,001,04
42,76032,107,17
42,76104,003,14
42,76144,095,17
42,76184,069,17
42,76232,125,18
42,76304,017,08
42,76304,091,08
42,76320,011,06
42,76336,005,03
42,76400,071,16
42,76432,097,11
42,76440,127,10
42,76496,115,10
42,76536,067,10
42,76552,125,18
42,76560,003,18
42,76584,029,06
42,76584,029,07
42,76632,061,09
42,76648,069,10
42,76648,069,17
42,76696,123,05
42,76724,075,15
42,76744,065,05
42,76808,117,10
42,76848,053,05
42,76880,013,09
42,76904,039,05
42,77016,027,05
42,77104,011,15
42,77144,029,07
42,77163,025,11
42,77168,015,10
42,77184,107,17
42,77232,039,03
42,77272,003,14
42,77272,129,18
42,77288,045,07
42,77304,091,06
42,77335,033,05
42,77392,107,17
42,77424,025,11
42,77448,097,11
42,77456,017,08
42,77488,077,15
42,77520,091,06
42,77568,033,05
42,77576,109,10
42,77584,015,10
42,77656,079,11
42,77704,017,08
42,77744,017,08
42,77784,131,11
42,77808,013,09
42,77808,021,09
42,77832,097,10
42,77912,003,14
42,77968,107,17
42,78008,125,09
42,78115,133,04
42,78120,031,05
42,78168,013,09
42,78240,105,05
42,78448,049,05
42,78456,115,10
42,78472,043,15
42,78528,051,09
42,78608,019,03
42,78616,027,05
42,78700,021,12
42,78712,045,01
42,79016,079,11
42,79277,003,18
42,79424,111,09
42,79472,121,05
42,79504,019,03
42,79640,133,04
42,79644,057,09
42,79680,107,17
42,79682,133,04
42,79768,051,09
42,79776,129,12
42,79792,069,10
42,79872,125,09
42,79912,039,03
42,80032,003,14
42,80040,003,14
42,80144,119,10
42,80218,045,07
42,80229,017,08
42,80264,021,12
42,80288,021,12
42,80336,011,06
42,80368,073,03
42,80384,031,05
42,80432,087,10
42,80480,071,16
42,80600,003,14
42,80640,033,05
42,80652,127,10
42,80656,037,11
42,80800,095,15
42,80808,011,06
42,80880,073,12
42,80896,079,11
42,80962,017,08
42,81000,123,05
42,81080,079,11
42,81328,125,18
42,81360,071,16
42,81424,093,11
42,81456,049,05
42,81616,097,10
42,81648,049,05
42,81664,069,10
42,81712,127,10
42,81808,055,09
42,81824,055,09
42,81832,059,18
42,81856,025,11
42,81936,129,18
42,81960,047,05
42,82008,133,04
42,82080,025,17
42,82088,025,17
42,82128,111,09
42,82160,117,10
42,82200,133,04
42,82296,011,06
42,82320,077,15
42,82344,049,05
42,82376,125,18
42,82616,125,09
42,82704,029,06
42,82736,091,13
42,82792,033,05
42,82832,095,17
42,82848,003,18
42,82920,041,04
42,82952,131,11
42,82968,117,10
42,83104,029,16
42,83120,011,15
42,83136,079,11
42,83172,005,03
42,83200,003,14
42,83248,005,03
42,83272,125,18
42,83280,011,16
42,83328,129,12
42,83376,019,03
42,83472,007,12
42,83496,085,03
42,83504,125,18
42,83512,003,14
42,83520,119,10
42,83584,021,12
42,83656,079,11
42,83680,129,18
42,83720,079,11
42,83736,033,05
42,83848,073,03
42,83856,079,17
42,83928,011,16
42,84064,019,03
42,84144,003,12
42,84176,059,18
42,84248,029,16
42,84272,079,17
42,84280,011,07
42,84280,011,16
42,84288,133,04
42,84376,085,03
42,84440,003,14
42,84512,003,14
42,84512,003,18
42,84552,079,11
42,84696,127,10
42,84704,003,14
42,84856,011,06
42,84856,011,16
42,84931,125,09
42,84968,043,11
42,85076,037,11
42,85078,037,11
42,85088,047,05
42,85152,079,17
42,85188,003,14
42,85272,013,09
42,85312,081,10
42,85320,043,11
42,85408,091,13
42,85464,071,16
42,85496,003,14
42,85528,021,12
42,85592,095,17
42,85632,111,12
42,85664,095,17
42,85712,059,18
42,85728,133,04
42,85792,119,10
42,85872,133,04
42,85968,071,16
42,86000,125,18
42,86056,011,06
42,86112,017,08
42,86128,009,09
42,86160,039,03
42,86224,121,05
42,86288,045,07
42,86352,017,08
42,86432,027,05
42,86528,041,04
42,86560,005,03
42,86568,065,05
42,86576,091,08
42,86640,133,04
42,86656,015,10
42,86672,129,18
42,86712,125,18
42,86744,091,13
42,86776,091,13
42,86856,079,17
42,86880,011,06
42,86880,011,16
42,86920,017,08
42,86952,079,17
42,86968,045,01
42,86976,087,10
42,87040,133,04
42,87048,133,04
42,87064,133,04
42,87080,133,04
42,87088,133,04
42,87136,001,04
42,87208,129,18
42,87224,123,05
42,87232,129,18
42,87240,129,18
42,87272,019,03
42,87320,027,05
