TENNESSEE CONGRESSIONAL DISTRICTS BY PLACE
State,Place,County,CongressionalDistrict
47,00200,147,06
47,00240,071,07
47,00240,109,07
47,00440,033,08
47,00540,009,02
47,00620,041,06
47,00640,141,06
47,00660,049,06
47,00940,061,04
47,01220,001,03
47,01480,065,03
47,01640,055,07
47,01640,103,04
47,01740,157,08
47,02180,021,05
47,02320,107,03
47,02340,167,08
47,02380,017,08
47,02400,015,06
47,02780,059,01
47,03078,089,01
47,03120,171,01
47,03440,157,08
47,03680,141,06
47,03760,057,02
47,04240,061,04
47,04460,003,04
47,04620,037,05
47,04720,033,08
47,05040,139,03
47,05140,037,05
47,05380,109,07
47,05500,165,06
47,05860,005,07
47,06340,057,02
47,06640,163,01
47,06740,163,01
47,06960,163,01
47,07180,069,07
47,07280,081,07
47,07620,035,06
47,07840,047,08
47,07860,053,08
47,08080,165,06
47,08280,187,07
47,08500,167,08
47,08540,163,01
47,08920,075,08
47,08960,017,08
47,09560,073,01
47,09860,167,08
47,09880,043,05
47,10180,137,06
47,10440,107,03
47,10560,005,07
47,11280,159,06
47,11360,013,03
47,11440,165,06
47,11980,147,06
47,12100,027,06
47,12380,177,04
47,12420,081,07
47,12460,019,01
47,12880,117,04
47,13020,011,04
47,13080,043,05
47,14000,065,03
47,14220,077,07
47,14980,073,01
47,15120,049,06
47,15140,017,08
47,15160,125,07
47,15400,011,04
47,15480,181,07
47,15580,001,03
47,15880,129,03
47,15920,061,04
47,16300,065,03
47,16420,047,08
47,16420,157,08
47,16480,181,07
47,16500,163,01
47,16540,119,04
47,16540,119,07
47,16920,141,06
47,16980,147,06
47,17000,139,03
47,17180,117,04
47,17340,079,08
47,17420,165,06
47,17680,167,08
47,17700,051,04
47,17840,035,06
47,18420,147,06
47,18540,035,06
47,18620,071,07
47,18820,161,07
47,18880,025,02
47,19380,089,02
47,19500,077,07
47,19700,143,04
47,19880,121,04
47,19900,039,07
47,19920,051,04
47,20620,043,05
47,20930,087,06
47,21400,161,07
47,21420,041,06
47,21500,185,06
47,21540,183,08
47,21740,139,03
47,22000,153,04
47,22180,053,08
47,22200,045,08
47,22340,009,02
47,22360,149,04
47,22500,011,04
47,22720,065,03
47,22920,109,07
47,23440,151,03
47,23500,019,01
47,23660,055,07
47,24040,107,03
47,24240,023,07
47,24240,109,07
47,24320,083,07
47,24360,171,01
47,24440,051,04
47,24460,099,07
47,24480,107,03
47,24640,005,07
47,24960,165,06
47,24980,035,06
47,24990,155,01
47,25080,065,03
47,25440,187,07
47,25540,059,01
47,25540,179,01
47,25560,065,03
47,25760,093,02
47,25760,105,02
47,25920,103,04
47,26120,013,03
47,26160,109,07
47,26490,065,03
47,26580,103,04
47,27020,037,05
47,27740,187,07
47,27960,033,08
47,28060,009,02
47,28380,033,08
47,28420,087,06
47,28540,165,06
47,28560,047,08
47,28680,167,08
47,28740,097,08
47,28800,155,01
47,28960,157,08
47,29020,053,08
47,29160,167,08
47,29300,183,08
47,29920,037,05
47,29920,165,06
47,30120,159,06
47,30220,165,06
47,30280,047,08
47,30280,069,07
47,30700,179,01
47,30760,143,04
47,30880,105,02
47,30960,147,06
47,30980,059,01
47,31000,183,08
47,31100,189,06
47,31420,049,06
47,31490,061,04
47,31680,109,07
47,31820,097,08
47,32520,129,03
47,32520,145,03
47,32600,065,03
47,32640,025,02
47,32742,169,06
47,33120,151,03
47,33260,023,07
47,33280,165,06
47,33360,097,08
47,33400,079,08
47,33920,069,07
47,34700,031,06
47,35160,101,07
47,35280,017,08
47,35880,011,04
47,36000,131,08
47,36080,069,07
47,36460,053,08
47,36460,113,08
47,36500,019,01
47,36580,017,08
47,36600,051,04
47,36640,151,03
47,37360,099,07
47,37360,181,07
47,37600,013,03
47,37640,113,08
47,37780,049,06
47,37820,115,04
47,37960,089,02
47,38020,013,02
47,38020,013,03
47,38320,019,01
47,38320,163,01
47,38320,179,01
47,38540,179,01
47,39140,053,08
47,39140,131,08
47,39400,115,04
47,39560,073,01
47,39560,163,01
47,39620,145,03
47,39660,021,05
47,40000,093,02
47,40160,111,06
47,40180,013,03
47,40200,047,08
47,40240,001,03
47,40240,013,03
47,40350,157,08
47,40540,065,03
47,40560,035,06
47,40720,037,05
47,40732,031,06
47,41200,149,04
47,41340,099,07
47,41520,189,06
47,41760,105,02
47,41860,117,04
47,41980,077,07
47,42040,041,06
47,42720,135,07
47,43140,133,06
47,43160,135,07
47,43420,153,04
47,43640,065,03
47,43700,099,07
47,43780,105,02
47,43820,009,02
47,44300,173,03
47,44360,081,07
47,44382,127,04
47,44420,055,07
47,44840,085,07
47,44940,017,08
47,44940,079,08
47,44940,183,08
47,45000,017,08
47,45100,177,04
47,45320,123,03
47,45500,031,06
47,46240,183,08
47,46380,009,02
47,46400,093,02
47,46420,167,08
47,46540,033,08
47,46700,173,03
47,47000,053,08
47,47020,113,08
47,48000,157,08
47,48000,157,09
47,48180,109,07
47,48340,069,07
47,48360,065,03
47,48460,145,03
47,48660,053,08
47,48920,023,07
47,48920,071,07
47,48920,109,07
47,48980,147,06
47,48980,165,06
47,49060,157,09
47,49360,055,07
47,49460,165,06
47,49740,051,04
47,49740,061,04
47,49740,115,04
47,49760,141,06
47,49940,073,01
47,50220,177,04
47,50280,063,01
47,50280,089,01
47,50280,089,02
47,50300,047,08
47,50320,059,01
47,50400,091,01
47,50580,073,01
47,50780,189,06
47,51080,119,04
47,51402,065,03
47,51540,167,08
47,51560,149,04
47,52006,037,05
47,52400,045,08
47,52520,165,06
47,52780,115,04
47,52820,085,07
47,52940,089,02
47,53000,029,01
47,53140,025,02
47,53240,031,06
47,53380,107,03
47,53460,187,07
47,53580,003,04
47,53600,001,03
47,54280,129,03
47,54640,165,06
47,54700,179,01
47,54780,037,05
47,54920,047,08
47,55120,001,03
47,55120,145,03
47,55240,131,08
47,55800,001,03
47,55800,129,03
47,55800,145,03
47,55820,071,07
47,55860,151,03
47,55900,065,03
47,56020,147,06
47,56040,115,04
47,56560,061,04
47,56720,079,08
47,56800,103,04
47,56870,077,07
47,57040,029,01
47,57080,039,07
47,57480,021,05
47,57500,061,04
47,57740,103,04
47,57740,117,04
47,57780,129,03
47,57900,105,02
47,58080,155,01
47,58120,007,04
47,58240,019,01
47,58840,047,08
47,58940,155,01
47,59020,173,03
47,59240,035,06
47,59560,021,06
47,60280,147,06
47,60280,165,06
47,60500,115,04
47,61040,055,07
47,61160,079,08
47,61520,109,07
47,61960,065,03
47,62000,111,06
47,62580,107,03
47,63060,095,08
47,63080,065,03
47,63140,037,05
47,63140,147,06
47,63340,097,08
47,63800,131,08
47,63840,019,01
47,63920,151,03
47,64160,009,02
47,64440,145,03
47,64820,073,01
47,65240,047,08
47,65642,189,06
47,65760,053,08
47,65820,057,02
47,66160,099,07
47,66220,065,03
47,66340,071,07
47,66360,131,08
47,66660,077,07
47,66680,069,07
47,66720,071,07
47,66880,039,07
47,66880,077,07
47,66940,109,07
47,67120,155,01
47,67140,051,04
47,67200,009,02
47,67200,155,01
47,67230,165,06
47,67540,183,08
47,67760,003,04
47,68540,065,03
47,68560,023,07
47,68560,069,07
47,69080,043,05
47,69320,041,06
47,69420,149,04
47,69460,067,01
47,69560,065,03
47,69620,047,08
47,69680,159,06
47,69740,011,04
47,69900,131,08
47,70060,115,04
47,70180,185,06
47,70240,175,04
47,70400,143,04
47,70500,147,06
47,70580,119,04
47,70580,187,07
47,70680,163,01
47,70680,179,01
47,70820,075,08
47,70840,109,07
47,72040,099,07
47,72140,129,03
47,72380,073,01
47,72540,107,03
47,72540,123,03
47,73120,025,02
47,73220,179,01
47,73260,123,03
47,73270,105,02
47,73460,083,07
47,73460,161,07
47,73900,187,07
47,74100,113,08
47,74540,095,08
47,74640,069,07
47,74860,009,02
47,74880,061,04
47,75000,053,08
47,75100,017,08
47,75160,045,08
47,75160,131,08
47,75240,131,08
47,75320,031,06
47,75320,051,04
47,75560,059,01
47,75820,171,01
47,75940,131,08
47,76180,003,04
47,76860,043,05
47,77400,177,04
47,77480,009,02
47,77480,123,03
47,77540,065,03
47,77700,009,02
47,77760,071,07
47,77820,165,06
47,77900,163,01
47,77980,149,04
47,78100,129,03
47,78120,003,04
47,78240,019,01
47,78240,179,01
47,78320,189,06
47,78560,085,07
47,78600,181,07
47,79420,165,06
47,79980,043,05
47,80200,147,06
47,80200,165,06
47,80360,063,01
47,80360,089,01
47,80540,069,07
47,80620,115,04
47,80740,009,02
47,80760,011,03
47,81020,047,08
47,81080,051,04
47,81280,151,03
47,81560,015,06
47,81700,131,08
47,82120,081,07
47,82360,053,08
