TEXAS CONGRESSIONAL DISTRICTS BY PLACE
State,Place,County,CongressionalDistrict
48,00100,217,25
48,00160,189,19
48,00160,303,19
48,01000,253,19
48,01000,441,19
48,01060,215,28
48,01108,115,11
48,01108,317,11
48,01240,113,24
48,01324,359,13
48,01390,141,23
48,01396,355,27
48,01420,479,28
48,01500,427,28
48,01514,047,15
48,01576,215,15
48,01576,215,34
48,01600,029,21
48,01636,379,04
48,01636,499,05
48,01648,417,19
48,01696,201,18
48,01696,201,29
48,01744,367,12
48,01816,249,34
48,01852,249,34
48,01858,249,34
48,01924,085,03
48,02044,139,06
48,02104,043,23
48,02188,073,05
48,02194,427,28
48,02212,215,15
48,02260,251,25
48,02272,039,14
48,02272,039,22
48,02284,497,13
48,02286,427,28
48,02290,249,34
48,03000,375,13
48,03000,381,13
48,03008,507,23
48,03072,291,36
48,03084,279,19
48,03096,465,23
48,03126,427,28
48,03144,071,36
48,03192,185,08
48,03216,003,11
48,03264,039,14
48,03288,349,06
48,03300,085,03
48,03300,085,04
48,03336,367,12
48,03340,367,12
48,03342,367,12
48,03360,387,04
48,03372,253,19
48,03432,141,16
48,03540,219,19
48,03564,347,01
48,03588,217,25
48,03600,007,27
48,03600,355,27
48,03600,409,27
48,03696,009,13
48,03708,157,09
48,03708,157,22
48,03768,121,26
48,04000,439,06
48,04000,439,33
48,04156,423,01
48,04174,061,34
48,04176,061,34
48,04300,127,23
48,04408,433,19
48,04462,201,02
48,04504,213,05
48,04516,067,04
48,04600,121,26
48,04672,497,12
48,05000,209,25
48,05000,453,10
48,05000,453,17
48,05000,453,21
48,05000,453,25
48,05000,453,35
48,05000,491,31
48,05036,391,27
48,05072,387,04
48,05084,067,04
48,05168,367,12
48,05168,439,12
48,05180,167,14
48,05264,147,04
48,05288,039,14
48,05336,059,11
48,05372,113,05
48,05372,113,30
48,05384,029,20
48,05456,399,11
48,05468,389,23
48,05520,427,28
48,05528,019,21
48,05552,049,11
48,05576,355,27
48,05612,139,06
48,05690,427,28
48,05696,201,36
48,05708,349,06
48,05720,475,23
48,05732,027,31
48,05732,491,31
48,05750,453,21
48,05768,121,26
48,05864,021,10
48,05864,021,27
48,05924,507,23
48,05984,321,27
48,06060,167,14
48,06104,391,27
48,06128,071,36
48,06128,201,36
48,06140,061,34
48,06200,071,36
48,06242,209,25
48,06272,157,22
48,07000,245,14
48,07108,365,01
48,07132,439,24
48,07144,185,08
48,07156,453,21
48,07156,453,25
48,07192,025,34
48,07300,201,07
48,07396,077,13
48,07408,309,17
48,07420,181,04
48,07432,015,10
48,07492,027,31
48,07528,131,15
48,07552,439,12
48,07636,275,13
48,07642,427,28
48,07852,213,05
48,07864,053,25
48,08104,309,17
48,08128,245,14
48,08164,163,23
48,08212,383,23
48,08224,459,01
48,08236,227,19
48,08240,291,36
48,08240,373,36
48,08260,127,23
48,08392,355,27
48,08398,375,13
48,08410,061,34
48,08488,081,11
48,08488,353,19
48,08536,031,21
48,08596,049,11
48,08668,321,27
48,08752,067,04
48,08788,349,06
48,08800,469,27
48,08812,277,04
48,08830,025,34
48,08860,439,12
48,08872,085,03
48,08872,085,04
48,08908,061,34
48,09004,217,25
48,09160,259,21
48,09172,387,04
48,09232,481,27
48,09250,167,14
48,09310,479,28
48,09328,147,04
48,09388,039,14
48,09448,295,13
48,09448,357,13
48,09556,233,13
48,09598,479,28
48,09628,369,19
48,09640,337,13
48,09656,465,23
48,09748,497,13
48,09796,359,13
48,09868,271,23
48,09916,307,11
48,10072,039,14
48,10087,221,11
48,10090,015,10
48,10132,429,11
48,10132,429,19
48,10144,395,17
48,10156,477,10
48,10192,367,12
48,10192,439,12
48,10192,497,12
48,10197,453,25
48,10216,251,25
48,10252,361,36
48,10264,497,13
48,10336,139,06
48,10384,405,01
48,10528,081,11
48,10636,473,10
48,10648,039,22
48,10708,241,36
48,10720,445,19
48,10756,213,05
48,10768,061,34
48,10780,049,11
48,10828,145,17
48,10828,309,17
48,10852,127,23
48,10876,479,28
48,10897,491,31
48,10912,041,17
48,10960,237,13
48,10984,299,11
48,10990,299,11
48,11020,331,17
48,11080,209,21
48,11080,209,35
48,11102,427,28
48,11116,289,17
48,11128,441,19
48,11155,303,19
48,11212,073,05
48,11212,423,01
48,11224,091,21
48,11236,241,36
48,11300,201,07
48,11368,485,13
48,11380,005,01
48,11428,251,25
48,11428,439,06
48,11428,439,25
48,11464,053,25
48,11536,477,10
48,11626,141,16
48,11644,077,13
48,11656,217,25
48,11692,341,13
48,11716,231,04
48,11836,051,17
48,11940,467,05
48,11968,097,13
48,11992,395,17
48,12010,427,28
48,12040,331,17
48,12045,061,34
48,12112,231,04
48,12226,427,28
48,12334,021,10
48,12388,385,21
48,12412,211,13
48,12472,213,05
48,12496,467,05
48,12502,047,15
48,12508,141,16
48,12532,381,13
48,12562,221,11
48,12580,091,21
48,12600,407,08
48,12736,133,11
48,12892,451,11
48,12895,217,25
48,12916,149,10
48,12982,127,23
48,12988,127,23
48,13024,085,03
48,13024,113,24
48,13024,121,24
48,13024,121,26
48,13108,365,01
48,13128,427,28
48,13150,427,28
48,13198,485,13
48,13276,029,20
48,13276,029,21
48,13312,325,23
48,13324,127,23
48,13492,113,30
48,13492,139,06
48,13552,453,10
48,13552,453,25
48,13552,491,31
48,13570,373,36
48,13672,231,04
48,13684,085,03
48,13684,085,04
48,13684,121,26
48,13732,419,01
48,13900,289,08
48,13972,245,14
48,14038,215,15
48,14224,213,05
48,14236,201,29
48,14236,201,36
48,14260,205,13
48,14266,427,28
48,14290,427,28
48,14404,013,28
48,14584,457,36
48,14620,497,13
48,14668,075,13
48,14680,197,13
48,14692,145,17
48,14704,245,14
48,14716,029,28
48,14740,309,17
48,14776,347,01
48,14860,013,28
48,14872,451,11
48,14880,061,34
48,14881,323,23
48,14882,507,23
48,14920,029,28
48,14920,187,15
48,14920,187,35
48,14927,465,23
48,14929,157,22
48,14929,201,10
48,14986,021,10
48,15004,133,11
48,15028,215,28
48,15112,129,13
48,15160,387,04
48,15172,183,01
48,15172,459,04
48,15196,011,13
48,15328,167,14
48,15364,251,25
48,15436,291,36
48,15436,339,08
48,15472,035,25
48,15544,141,23
48,15628,201,29
48,15628,201,36
48,15652,039,14
48,15676,059,11
48,15700,227,19
48,15796,113,33
48,15820,213,05
48,15892,407,08
48,15916,083,11
48,15976,041,17
48,15988,439,24
48,16036,181,04
48,16048,457,36
48,16110,479,28
48,16120,335,11
48,16168,089,10
48,16192,093,11
48,16204,061,34
48,16216,113,05
48,16216,257,05
48,16228,259,21
48,16240,231,04
48,16252,223,04
48,16300,131,15
48,16432,339,08
48,16468,029,28
48,16540,367,12
48,16552,293,17
48,16564,119,04
48,16612,113,24
48,16612,121,24
48,16612,121,26
48,16624,027,31
48,16624,099,25
48,16624,281,25
48,16636,121,26
48,16696,121,26
48,17000,007,27
48,17000,273,34
48,17000,355,27
48,17000,409,27
48,17024,121,26
48,17036,373,36
48,17060,349,06
48,17200,257,05
48,17208,053,25
48,17216,283,23
48,17236,409,27
48,17336,071,36
48,17372,217,25
48,17408,371,23
48,17426,249,34
48,17429,251,25
48,17504,257,05
48,17516,103,23
48,17540,035,25
48,17564,309,17
48,17612,453,35
48,17648,221,11
48,17648,251,25
48,17648,367,12
48,17744,225,08
48,17756,201,36
48,17768,107,19
48,17811,029,23
48,17816,059,11
48,17852,121,26
48,17917,251,25
48,17948,155,13
48,17960,251,25
48,17960,439,06
48,18020,507,23
48,18092,123,34
48,18104,215,28
48,18128,223,04
48,18134,157,22
48,18152,073,05
48,18224,347,01
48,18260,339,08
48,18464,343,04
48,18476,291,36
48,18524,111,13
48,18524,205,13
48,19000,085,03
48,19000,085,04
48,19000,085,32
48,19000,113,05
48,19000,113,24
48,19000,113,30
48,19000,113,32
48,19000,113,33
48,19000,121,24
48,19000,257,05
48,19000,397,04
48,19084,439,06
48,19108,039,14
48,19120,039,14
48,19288,295,13
48,19420,349,06
48,19432,291,36
48,19435,291,36
48,19456,077,13
48,19528,497,12
48,19570,221,11
48,19624,201,36
48,19648,037,04
48,19672,093,11
48,19708,229,23
48,19714,061,34
48,19732,427,28
48,19792,465,23
48,19808,409,34
48,19900,181,04
48,19972,121,26
48,19984,165,19
48,19984,501,19
48,20020,277,04
48,20020,387,04
48,20092,113,30
48,20128,387,04
48,20140,291,36
48,20152,325,23
48,20212,351,36
48,20248,325,23
48,20308,005,01
48,20332,125,13
48,20344,167,14
48,20428,163,23
48,20464,069,19
48,20540,121,26
48,20680,147,04
48,20716,087,13
48,20734,215,15
48,20734,215,28
48,20848,067,04
48,20884,215,15
48,20884,215,34
48,20926,215,15
48,20932,181,04
48,21028,121,26
48,21112,067,04
48,21283,409,27
48,21412,209,25
48,21424,209,25
48,21436,355,27
48,21484,143,11
48,21556,341,13
48,21628,113,30
48,21844,089,10
48,21892,323,23
48,21904,049,11
48,21928,279,19
48,21958,427,28
48,21988,481,27
48,22132,133,11
48,22150,427,28
48,22168,183,01
48,22168,459,04
48,22192,183,01
48,22192,401,01
48,22276,379,04
48,22516,147,04
48,22528,215,15
48,22552,095,11
48,22588,439,12
48,22593,409,34
48,22612,467,05
48,22660,215,15
48,22708,189,19
48,22720,239,27
48,22744,467,05
48,22768,409,27
48,22810,323,23
48,22840,447,19
48,22853,427,28
48,22858,061,34
48,22864,481,27
48,22892,427,28
48,22898,427,28
48,22905,479,28
48,22920,427,28
48,22960,413,23
48,22984,485,13
48,23044,021,10
48,23044,021,17
48,23044,453,10
48,23062,427,28
48,23080,323,23
48,23140,001,05
48,23164,201,36
48,23254,323,23
48,23272,029,28
48,23272,493,28
48,23278,427,28
48,23356,257,05
48,24000,141,16
48,24000,141,23
48,24013,427,28
48,24015,427,28
48,24018,427,28
48,24036,215,15
48,24055,427,28
48,24158,423,01
48,24168,349,06
48,24216,379,04
48,24223,061,34
48,24228,213,05
48,24240,283,28
48,24252,047,15
48,24348,139,06
48,24552,427,28
48,24558,427,28
48,24636,191,13
48,24738,427,28
48,24768,439,24
48,24816,349,06
48,24828,213,05
48,24840,241,36
48,24864,099,25
48,24864,193,25
48,24894,427,28
48,24912,439,33
48,25032,141,23
48,25038,323,23
48,25068,157,22
48,25104,161,17
48,25168,029,23
48,25168,091,21
48,25168,259,21
48,25224,085,03
48,25338,427,28
48,25344,427,28
48,25348,505,28
48,25352,505,28
48,25356,427,28
48,25368,047,15
48,25392,255,15
48,25397,409,27
48,25404,245,14
48,25452,113,24
48,25488,085,03
48,25488,085,04
48,25548,369,19
48,25572,397,04
48,25644,149,10
48,25656,215,15
48,25744,427,28
48,25752,113,30
48,25752,139,06
48,25795,157,09
48,25795,157,22
48,26028,149,10
48,26130,427,28
48,26136,491,31
48,26160,493,28
48,26220,047,15
48,26232,121,26
48,26232,439,24
48,26268,153,13
48,26268,153,19
48,26328,295,13
48,26544,439,06
48,26544,439,33
48,26604,257,05
48,26640,227,19
48,26664,141,16
48,26680,271,23
48,26688,243,23
48,26724,229,23
48,26736,027,25
48,26736,027,31
48,26736,099,25
48,26808,371,23
48,27000,121,26
48,27000,367,12
48,27000,439,06
48,27000,439,12
48,27000,439,24
48,27000,439,26
48,27000,439,33
48,27000,497,12
48,27102,157,09
48,27102,157,22
48,27124,479,28
48,27144,283,23
48,27288,395,17
48,27300,001,05
48,27300,213,05
48,27348,171,21
48,27420,039,14
48,27432,131,15
48,27540,157,09
48,27540,157,22
48,27648,167,14
48,27648,201,22
48,27660,369,19
48,27684,085,03
48,27684,121,24
48,27684,121,26
48,27696,233,13
48,27696,341,13
48,27744,427,28
48,27748,427,28
48,27768,349,06
48,27804,467,05
48,27876,157,22
48,27888,007,27
48,27972,033,19
48,27984,097,13
48,27996,201,18
48,27996,201,29
48,28008,073,05
48,28068,167,14
48,28080,239,27
48,28128,427,28
48,28152,427,28
48,28176,173,11
48,28200,135,11
48,28248,091,21
48,28248,091,35
48,28320,453,35
48,29000,085,03
48,29000,113,05
48,29000,113,32
48,29000,397,04
48,29036,139,06
48,29060,347,01
48,29108,365,01
48,29114,427,28
48,29168,099,25
48,29336,491,31
48,29348,297,15
48,29384,187,15
48,29408,309,17
48,29432,287,10
48,29564,459,01
48,29564,459,04
48,29612,263,19
48,29660,183,01
48,29660,459,04
48,29840,113,30
48,29840,139,06
48,29876,425,25
48,29912,089,10
48,29972,251,25
48,30044,135,11
48,30056,333,11
48,30080,175,34
48,30092,145,17
48,30092,309,17
48,30116,177,27
48,30188,349,06
48,30224,373,36
48,30272,363,11
48,30296,275,13
48,30308,133,11
48,30380,363,11
48,30392,503,19
48,30416,221,11
48,30422,061,34
48,30440,475,23
48,30464,113,30
48,30464,113,33
48,30464,139,06
48,30464,439,06
48,30464,439,33
48,30476,467,05
48,30512,251,25
48,30548,491,31
48,30584,053,25
48,30608,215,15
48,30629,451,11
48,30632,225,08
48,30644,113,24
48,30644,121,24
48,30644,439,24
48,30752,257,05
48,30806,157,22
48,30890,061,34
48,30920,231,04
48,31064,409,27
48,31100,029,20
48,31100,029,23
48,31280,293,17
48,31292,065,13
48,31328,245,14
48,31340,455,08
48,31412,195,13
48,31442,427,28
48,31484,247,15
48,31592,213,05
48,31616,181,04
48,31628,093,11
48,31640,269,13
48,31646,427,28
48,31715,121,26
48,31820,189,19
48,31868,285,27
48,31880,309,17
48,31904,203,01
48,31928,439,12
48,31928,439,26
48,31928,439,33
48,31952,193,25
48,31964,151,19
48,31964,253,19
48,32156,381,13
48,32156,437,13
48,32240,291,36
48,32300,215,15
48,32312,027,31
48,32372,061,34
48,32456,171,21
48,32576,069,19
48,32612,205,13
48,32696,207,19
48,32720,121,26
48,32720,439,12
48,32720,439,26
48,32792,215,28
48,32810,231,04
48,32816,499,01
48,32840,253,19
48,32906,209,21
48,32910,427,28
48,32972,395,17
48,32984,257,05
48,32984,397,04
48,33008,247,15
48,33020,085,03
48,33020,121,24
48,33020,121,26
48,33044,129,13
48,33068,201,07
48,33092,215,15
48,33146,029,20
48,33146,029,23
48,33188,403,01
48,33200,473,10
48,33212,401,01
48,33284,077,13
48,33320,117,13
48,33356,415,19
48,33428,309,17
48,33476,121,26
48,33548,143,25
48,33548,193,25
48,33560,215,15
48,33578,423,01
48,33608,295,13
48,33794,053,25
48,33824,113,32
48,33836,201,36
48,33848,121,26
48,33968,029,21
48,33980,039,14
48,34088,217,25
48,34105,479,28
48,34130,163,23
48,34133,427,28
48,34136,289,08
48,34148,201,07
48,34220,167,14
48,34478,007,27
48,34502,039,14
48,34508,027,31
48,34532,009,13
48,34586,499,01
48,34628,029,21
48,34671,141,16
48,34673,141,16
48,34676,325,23
48,34700,147,04
48,34736,037,04
48,34832,141,16
48,34832,141,23
48,34856,453,35
48,34862,053,25
48,34862,299,11
48,34865,367,12
48,35000,157,09
48,35000,157,22
48,35000,201,02
48,35000,201,07
48,35000,201,08
48,35000,201,09
48,35000,201,10
48,35000,201,18
48,35000,201,22
48,35000,201,29
48,35000,201,36
48,35000,339,08
48,35072,129,13
48,35084,181,04
48,35180,217,25
48,35228,005,01
48,35253,453,25
48,35254,367,12
48,35300,067,04
48,35300,343,04
48,35324,291,36
48,35348,201,02
48,35348,201,18
48,35420,481,27
48,35480,201,02
48,35480,201,07
48,35492,005,01
48,35528,471,08
48,35576,439,12
48,35576,439,24
48,35612,113,30
48,35624,491,31
48,35636,419,01
48,35684,481,27
48,35732,303,19
48,35754,061,34
48,35816,441,19
48,35828,371,23
48,35915,215,15
48,35918,061,34
48,35954,373,36
48,35966,427,28
48,35984,015,10
48,35996,469,27
48,36008,355,27
48,36008,409,27
48,36020,409,27
48,36032,265,21
48,36068,185,08
48,36092,039,14
48,36092,039,22
48,36104,485,13
48,36128,371,23
48,36140,035,25
48,37000,113,24
48,37000,113,33
48,37072,139,06
48,37084,217,25
48,37112,457,36
48,37116,457,36
48,37156,201,18
48,37156,201,29
48,37168,237,13
48,37216,073,05
48,37252,167,14
48,37390,427,28
48,37396,491,31
48,37420,241,36
48,37468,263,19
48,37528,315,04
48,37612,201,02
48,37612,201,07
48,37648,289,17
48,37665,427,28
48,37684,419,01
48,37780,031,21
48,37924,077,13
48,37936,453,17
48,37936,491,31
48,37984,039,14
48,38020,453,10
48,38020,453,25
48,38068,085,04
48,38068,231,04
48,38080,251,25
48,38116,013,28
48,38168,061,34
48,38248,267,11
48,38332,121,26
48,38452,255,15
48,38476,157,22
48,38476,201,10
48,38476,473,10
48,38488,257,05
48,38518,249,34
48,38548,251,25
48,38632,439,24
48,38632,439,26
48,38776,167,14
48,38788,257,05
48,38800,281,25
48,38848,157,22
48,38860,255,15
48,38872,291,36
48,38884,225,08
48,38896,439,06
48,38992,349,06
48,39004,495,23
48,39040,265,21
48,39124,183,01
48,39124,401,01
48,39148,027,25
48,39148,027,31
48,39292,187,15
48,39304,299,11
48,39352,273,34
48,39448,029,28
48,39448,029,35
48,39460,241,36
48,39520,161,17
48,39664,463,23
48,39680,181,04
48,39700,275,13
48,39844,293,17
48,39868,199,36
48,39904,437,13
48,39916,121,26
48,39928,121,26
48,39940,041,17
48,39952,209,21
48,39952,209,35
48,39988,215,15
48,39994,427,28
48,40000,427,28
48,40018,427,28
48,40036,029,20
48,40100,479,28
48,40108,325,23
48,40168,309,17
48,40180,147,04
48,40186,427,28
48,40188,427,28
48,40204,061,34
48,40210,061,34
48,40258,061,34
48,40264,453,25
48,40270,427,28
48,40276,149,10
48,40288,427,28
48,40300,061,34
48,40312,035,25
48,40320,215,15
48,40336,061,34
48,40342,215,15
48,40342,215,28
48,40384,215,28
48,40450,497,13
48,40456,049,11
48,40462,041,17
48,40468,183,01
48,40468,401,01
48,40472,409,34
48,40475,335,11
48,40516,121,26
48,40522,187,15
48,40576,019,21
48,40588,039,14
48,40624,097,13
48,40674,019,21
48,40674,325,23
48,40676,233,13
48,40696,183,01
48,40714,409,34
48,40738,409,34
48,40744,439,12
48,40756,009,13
48,40804,381,13
48,40888,191,13
48,40966,465,23
48,40984,453,25
48,41050,121,26
48,41056,439,12
48,41086,427,28
48,41092,007,27
48,41116,167,14
48,41164,115,11
48,41170,427,28
48,41188,281,25
48,41212,113,30
48,41404,121,26
48,41416,061,34
48,41420,409,34
48,41422,355,27
48,41424,427,28
48,41440,201,36
48,41449,479,28
48,41452,507,23
48,41458,427,28
48,41464,479,28
48,41473,479,28
48,41475,479,28
48,41503,427,28
48,41542,061,34
48,41548,489,34
48,41565,479,28
48,41566,427,28
48,41569,247,15
48,41579,505,28
48,41580,061,34
48,41582,479,28
48,41583,323,23
48,41644,225,08
48,41660,061,34
48,41704,465,23
48,41728,061,34
48,41764,493,28
48,41782,427,28
48,41788,215,15
48,41800,085,03
48,41800,085,04
48,41848,239,27
48,41872,441,19
48,41980,167,14
48,41980,201,22
48,42004,385,21
48,42016,453,25
48,42016,491,31
48,42028,037,04
48,42148,179,13
48,42256,013,28
48,42340,289,08
48,42352,147,04
48,42388,029,20
48,42400,309,17
48,42448,219,19
48,42508,113,24
48,42508,113,26
48,42508,121,24
48,42508,121,26
48,42532,287,17
48,42568,291,36
48,42616,183,01
48,42664,491,31
48,42808,121,26
48,42820,423,01
48,42844,067,04
48,42868,097,13
48,42874,389,23
48,42916,215,15
48,42940,221,11
48,42952,295,13
48,43012,121,26
48,43024,279,19
48,43066,027,31
48,43096,029,28
48,43096,029,35
48,43120,039,14
48,43132,373,36
48,43144,299,11
48,43150,215,34
48,43240,055,27
48,43240,055,35
48,43252,153,13
48,43354,213,05
48,43432,239,27
48,43458,507,23
48,43460,409,34
48,43462,249,34
48,43463,427,28
48,43465,427,28
48,43474,427,28
48,43516,281,25
48,43636,231,04
48,43684,343,04
48,43822,427,28
48,43888,183,01
48,43888,203,01
48,43948,165,19
48,43960,505,28
48,43972,215,15
48,43996,335,11
48,44020,309,17
48,44032,107,19
48,44038,479,28
48,44044,427,28
48,44062,489,34
48,44072,479,28
48,44075,427,28
48,44076,427,28
48,44078,479,28
48,44079,479,28
48,44104,215,28
48,44110,427,28
48,44116,061,34
48,44120,479,28
48,44123,479,28
48,44128,061,34
48,44142,505,28
48,44145,479,28
48,44146,479,28
48,44166,453,21
48,44166,453,25
48,44167,479,28
48,44168,479,28
48,44170,115,11
48,44176,145,17
48,44212,481,27
48,44260,225,08
48,44308,085,03
48,44344,061,34
48,45000,303,19
48,45012,085,03
48,45048,253,19
48,45048,417,19
48,45072,005,01
48,45096,055,27
48,45096,187,15
48,45120,199,36
48,45228,489,34
48,45288,013,28
48,45288,029,23
48,45288,325,23
48,45324,213,05
48,45324,257,05
48,45384,215,15
48,45384,215,28
48,45432,461,23
48,45564,021,10
48,45576,029,23
48,45672,099,25
48,45672,309,17
48,45744,085,03
48,45744,085,04
48,45750,003,11
48,45780,179,13
48,45804,397,04
48,45948,187,15
48,45996,313,08
48,46056,339,08
48,46224,213,05
48,46260,217,25
48,46308,453,21
48,46440,453,10
48,46452,139,06
48,46452,251,25
48,46452,439,06
48,46492,427,28
48,46494,427,28
48,46500,039,14
48,46500,039,22
48,46572,043,23
48,46584,053,25
48,46620,377,23
48,46668,067,04
48,46692,187,15
48,46716,321,27
48,46740,145,17
48,46752,289,17
48,46776,203,01
48,46824,293,17
48,46824,309,17
48,46848,055,35
48,46854,427,28
48,46968,319,11
48,47004,345,13
48,47016,321,27
48,47040,409,34
48,47088,037,04
48,47100,361,36
48,47268,139,06
48,47316,445,19
48,47330,053,25
48,47337,157,22
48,47406,505,28
48,47460,009,13
48,47496,085,03
48,47568,307,11
48,47616,191,13
48,47628,327,11
48,47676,301,23
48,47700,215,15
48,47760,035,25
48,47796,441,19
48,47820,217,25
48,47832,235,11
48,47892,113,05
48,47892,113,30
48,47892,113,32
48,47892,257,05
48,47898,427,28
48,47916,293,17
48,47988,393,13
48,48072,317,11
48,48072,329,11
48,48096,139,06
48,48180,313,08
48,48272,215,15
48,48280,215,34
48,48315,427,28
48,48318,427,28
48,48320,215,15
48,48324,403,01
48,48336,331,17
48,48372,349,06
48,48396,399,11
48,48408,139,06
48,48478,449,04
48,48516,041,17
48,48564,367,12
48,48648,499,05
48,48684,363,11
48,48684,367,12
48,48720,363,11
48,48750,427,28
48,48756,479,28
48,48768,215,15
48,48768,215,28
48,48772,157,09
48,48772,201,09
48,48804,157,09
48,48804,157,22
48,48804,201,09
48,48852,483,13
48,48858,397,04
48,48936,475,23
48,48936,495,23
48,49032,337,13
48,49068,071,36
48,49068,291,36
48,49080,215,15
48,49128,339,08
48,49200,309,17
48,49224,163,23
48,49272,213,05
48,49300,427,28
48,49314,505,28
48,49320,417,19
48,49356,035,25
48,49359,409,34
48,49380,201,36
48,49392,027,31
48,49411,141,23
48,49440,195,13
48,49464,079,19
48,49560,285,27
48,49600,209,21
48,49600,209,35
48,49692,217,25
48,49728,401,01
48,49800,449,04
48,49860,159,04
48,49932,097,13
48,49968,017,19
48,49992,333,11
48,50040,275,13
48,50058,215,15
48,50076,213,05
48,50092,215,15
48,50100,085,03
48,50100,085,32
48,50184,349,06
48,50200,021,27
48,50200,055,27
48,50200,453,35
48,50232,467,05
48,50256,347,01
48,50316,343,04
48,50322,427,28
48,50352,037,04
48,50376,201,36
48,50400,325,23
48,50448,349,06
48,50472,185,08
48,50496,069,19
48,50580,245,14
48,50628,157,22
48,50724,203,01
48,50742,427,28
48,50760,085,04
48,50772,439,12
48,50772,497,12
48,50796,187,15
48,50808,037,04
48,50820,091,21
48,50820,091,35
48,50820,187,15
48,50868,503,19
48,50876,423,01
48,50916,303,19
48,50920,497,12
48,50924,505,28
48,51012,305,19
48,51036,085,03
48,51168,401,01
48,51336,073,05
48,51366,157,22
48,51372,351,36
48,51396,471,08
48,51444,231,04
48,51492,055,35
48,51492,209,35
48,51552,427,28
48,51588,177,34
48,51588,493,15
48,51648,337,13
48,51654,337,13
48,51708,027,31
48,51720,245,14
48,51756,423,01
48,51792,123,34
48,51840,289,08
48,51840,313,08
48,51852,025,34
48,51900,215,15
48,51900,215,34
48,51984,291,36
48,52068,427,28
48,52212,121,26
48,52302,163,23
48,52356,439,12
48,52356,439,24
48,52356,439,26
48,52362,427,28
48,52404,355,27
48,52668,083,11
48,52902,257,05
48,52992,407,08
48,53004,071,36
48,53115,139,06
48,53130,121,26
48,53154,097,13
48,53160,257,05
48,53190,339,08
48,53212,221,11
48,53217,349,06
48,53232,161,17
48,53232,289,17
48,53304,207,19
48,53376,409,34
48,53388,135,11
48,53388,329,11
48,53436,115,11
48,53436,305,19
48,53520,099,25
48,53556,479,28
48,53718,427,28
48,53824,071,36
48,53824,291,36
48,53934,215,15
48,53946,427,28
48,53964,061,34
48,53970,427,28
48,53988,029,21
48,54000,503,19
48,54012,279,19
48,54024,343,04
48,54048,373,36
48,54075,219,19
48,54132,361,36
48,54168,249,34
48,54186,061,34
48,54192,157,22
48,54216,459,04
48,54432,401,01
48,54432,423,01
48,54444,113,30
48,54444,139,06
48,54509,249,34
48,54528,039,14
48,54552,105,23
48,54558,427,28
48,54600,101,13
48,54636,095,11
48,54666,409,34
48,54684,321,27
48,54708,001,05
48,54726,381,13
48,54744,139,06
48,54780,215,15
48,54780,215,28
48,54798,061,34
48,54804,215,28
48,54810,215,28
48,54846,427,28
48,54868,121,26
48,54872,121,26
48,54876,363,11
48,54912,179,13
48,54960,065,13
48,55008,339,08
48,55020,439,06
48,55056,497,13
48,55080,277,04
48,55152,085,03
48,56000,201,29
48,56000,201,36
48,56108,473,10
48,56156,339,08
48,56252,025,34
48,56276,213,05
48,56348,039,14
48,56348,039,22
48,56348,157,22
48,56348,201,09
48,56348,201,22
48,56384,163,23
48,56462,439,12
48,56462,497,12
48,56468,119,04
48,56468,147,04
48,56482,157,22
48,56485,139,06
48,56498,221,11
48,56498,251,25
48,56516,389,23
48,56640,439,12
48,56644,427,28
48,56672,217,25
48,56696,215,28
48,56804,215,28
48,56864,237,13
48,56912,357,13
48,56996,189,19
48,57044,077,13
48,57056,355,27
48,57116,025,34
48,57176,453,10
48,57176,453,17
48,57176,491,31
48,57200,215,15
48,57476,121,26
48,57524,361,36
48,57566,315,04
48,57596,339,08
48,57608,361,36
48,57615,473,10
48,57644,403,01
48,57752,199,36
48,57800,201,07
48,57908,063,04
48,57932,469,27
48,57968,501,19
48,57980,189,19
48,58016,085,03
48,58016,121,24
48,58088,157,22
48,58232,373,36
48,58280,013,28
48,58400,485,13
48,58448,291,36
48,58532,379,04
48,58556,407,08
48,58568,057,27
48,58586,453,25
48,58664,121,26
48,58808,355,27
48,58820,245,14
48,58820,361,36
48,58850,339,08
48,58892,061,34
48,58904,355,27
48,58904,409,27
48,58916,057,27
48,58928,489,34
48,58940,245,14
48,58952,057,27
48,59012,169,19
48,59066,257,05
48,59084,013,28
48,59096,493,28
48,59108,441,19
48,59132,181,04
48,59156,277,04
48,59168,349,06
48,59192,213,05
48,59210,141,16
48,59336,473,10
48,59384,249,34
48,59396,377,23
48,59420,181,04
48,59540,061,34
48,59576,085,03
48,59636,215,34
48,59642,215,34
48,59696,085,03
48,59696,121,26
48,59726,121,26
48,59794,479,28
48,59798,479,28
48,59984,059,11
48,59996,475,23
48,60020,087,13
48,60026,469,27
48,60044,197,13
48,60080,067,04
48,60092,323,23
48,60098,427,28
48,60140,231,04
48,60164,039,14
48,60176,045,13
48,60188,499,05
48,60278,323,23
48,60290,427,28
48,60356,107,19
48,60380,505,28
48,60408,427,28
48,60422,427,28
48,60458,489,34
48,60478,427,28
48,60480,479,28
48,60482,479,28
48,60518,249,34
48,60529,355,27
48,60534,409,34
48,60539,479,28
48,60544,061,34
48,60554,427,28
48,60608,029,28
48,60632,133,11
48,60644,061,34
48,60668,461,23
48,60672,303,19
48,60686,061,34
48,60752,147,04
48,60836,489,34
48,60932,131,15
48,61040,347,01
48,61076,377,23
48,61124,005,01
48,61172,037,04
48,61196,139,06
48,61340,037,04
48,61352,187,15
48,61436,391,27
48,61454,427,28
48,61466,061,34
48,61508,073,05
48,61508,401,01
48,61532,215,34
48,61568,439,06
48,61592,277,04
48,61604,367,12
48,61604,439,12
48,61616,349,06
48,61700,497,12
48,61724,273,34
48,61736,349,06
48,61796,085,03
48,61796,113,32
48,61820,349,06
48,61844,439,12
48,61880,411,11
48,61892,157,22
48,61904,039,14
48,62108,309,17
48,62138,479,28
48,62168,427,28
48,62180,061,34
48,62240,251,25
48,62252,133,11
48,62292,427,28
48,62318,427,28
48,62384,439,12
48,62384,439,33
48,62408,471,08
48,62468,273,34
48,62504,121,26
48,62504,439,26
48,62528,345,13
48,62564,081,11
48,62588,309,17
48,62600,355,27
48,62612,151,19
48,62636,207,19
48,62672,331,17
48,62804,007,27
48,62816,137,23
48,62828,397,04
48,62870,063,04
48,62924,027,31
48,63008,453,25
48,63020,427,28
48,63026,427,28
48,63044,339,08
48,63140,219,19
48,63176,353,19
48,63188,145,17
48,63200,361,36
48,63272,199,36
48,63284,157,22
48,63332,039,14
48,63350,323,23
48,63380,309,17
48,63404,257,05
48,63464,151,19
48,63476,031,21
48,63500,453,17
48,63500,491,31
48,63524,149,10
48,63572,113,32
48,63572,397,04
48,63584,277,04
48,63668,085,04
48,63668,231,04
48,63668,397,04
48,63752,207,19
48,63782,497,13
48,63788,255,15
48,63848,073,05
48,64004,463,23
48,64064,085,03
48,64064,085,32
48,64064,113,32
48,64088,181,04
48,64112,439,12
48,64112,439,33
48,64172,029,28
48,64184,337,13
48,64220,085,03
48,64244,409,34
48,64268,027,31
48,64316,427,28
48,64322,427,28
48,64442,427,28
48,64448,087,13
48,64460,241,36
48,64472,451,11
48,65000,029,20
48,65000,029,21
48,65000,029,23
48,65000,029,28
48,65000,029,35
48,65000,091,21
48,65000,325,23
48,65024,405,01
48,65036,061,34
48,65048,215,15
48,65049,479,28
48,65050,479,28
48,65066,367,12
48,65084,443,23
48,65168,249,34
48,65180,131,15
48,65180,249,34
48,65210,427,28
48,65240,227,19
48,65342,355,27
48,65360,141,23
48,65372,015,10
48,65378,427,28
48,65384,233,13
48,65408,121,26
48,65432,427,28
48,65516,215,34
48,65532,427,28
48,65552,453,21
48,65552,453,35
48,65564,167,14
48,65600,055,35
48,65600,187,15
48,65600,209,21
48,65600,209,35
48,65612,409,27
48,65620,061,34
48,65636,489,34
48,65648,411,11
48,65660,439,12
48,65660,439,33
48,65672,083,11
48,65678,427,28
48,65690,187,15
48,65708,427,28
48,65726,167,14
48,65744,061,34
48,65756,489,34
48,65768,061,34
48,65774,427,28
48,65777,427,28
48,65792,505,28
48,65876,261,34
48,66000,121,26
48,66008,147,04
48,66089,029,23
48,66128,029,28
48,66128,091,35
48,66128,187,15
48,66128,187,35
48,66188,149,10
48,66248,215,34
48,66284,009,13
48,66332,203,01
48,66368,257,05
48,66392,071,36
48,66392,167,14
48,66392,201,36
48,66416,057,27
48,66428,113,05
48,66428,113,30
48,66428,257,05
48,66440,165,19
48,66464,015,10
48,66512,489,34
48,66536,323,23
48,66644,187,15
48,66704,029,28
48,66704,029,35
48,66704,091,35
48,66704,187,35
48,66764,165,19
48,66806,491,31
48,66848,189,19
48,66884,373,36
48,66908,213,05
48,66908,257,05
48,66968,023,13
48,67010,073,05
48,67082,453,21
48,67082,453,25
48,67100,121,26
48,67136,303,19
48,67160,483,13
48,67268,029,20
48,67268,029,23
48,67376,201,36
48,67400,339,08
48,67424,407,08
48,67496,181,04
48,67554,181,04
48,67640,285,27
48,67688,071,36
48,67688,201,36
48,67766,157,22
48,67772,229,23
48,67775,323,23
48,67778,505,28
48,67832,199,36
48,67904,045,13
48,67964,157,22
48,68036,409,34
48,68120,065,13
48,68132,025,34
48,68180,303,19
48,68300,177,34
48,68456,021,10
48,68456,021,27
48,68504,219,19
48,68576,051,17
48,68624,415,19
48,68636,141,23
48,68678,061,34
48,68708,029,23
48,68720,051,17
48,68756,435,23
48,68828,199,36
48,68846,215,34
48,68966,247,15
48,69020,201,29
48,69020,201,36
48,69032,121,24
48,69032,121,26
48,69032,439,24
48,69072,249,34
48,69104,181,04
48,69120,099,25
48,69140,061,34
48,69194,061,34
48,69272,201,07
48,69326,351,36
48,69380,279,19
48,69432,141,16
48,69432,141,23
48,69476,195,13
48,69548,339,08
48,69560,271,23
48,69596,201,02
48,69596,201,08
48,69596,201,18
48,69708,355,27
48,69764,279,19
48,69800,367,12
48,69800,497,12
48,69800,497,13
48,69830,201,02
48,69830,201,07
48,69848,125,13
48,69908,157,09
48,69908,157,22
48,69908,201,09
48,69932,339,08
48,69980,207,19
48,69980,253,19
48,70040,317,11
48,70052,187,15
48,70076,213,05
48,70208,143,11
48,70208,143,25
48,70232,431,11
48,70340,233,13
48,70376,493,15
48,70460,171,21
48,70520,071,36
48,70544,421,13
48,70580,363,11
48,70604,161,17
48,70604,349,06
48,70688,043,23
48,70772,279,19
48,70808,157,22
48,70868,215,28
48,70904,223,04
48,71060,219,19
48,71156,113,05
48,71156,113,32
48,71180,341,13
48,71228,299,11
48,71264,337,13
48,71274,427,28
48,71289,479,28
48,71324,453,21
48,71356,277,04
48,71384,039,14
48,71492,039,14
48,71540,353,19
48,71684,409,27
48,71696,409,27
48,71708,305,19
48,71732,449,04
48,71756,257,05
48,71820,479,28
48,71824,479,28
48,71924,365,01
48,71924,401,01
48,71948,491,31
48,71960,201,36
48,71966,245,14
48,72020,161,17
48,72080,293,17
48,72176,027,31
48,72188,419,01
48,72248,043,23
48,72284,257,05
48,72296,029,21
48,72368,037,04
48,72392,071,36
48,72392,167,14
48,72464,421,13
48,72476,111,13
48,72530,121,24
48,72530,121,26
48,72578,453,25
48,72656,201,08
48,72656,339,08
48,72740,157,22
48,72758,247,15
48,72776,331,17
48,72776,491,31
48,72788,293,17
48,72800,475,23
48,72824,491,31
48,72872,297,15
48,72896,447,19
48,72902,049,11
48,72948,061,34
48,72950,427,28
48,72952,355,27
48,72954,355,27
48,72989,167,14
48,72992,311,28
48,73030,381,13
48,73057,029,23
48,73076,419,01
48,73112,181,04
48,73124,223,04
48,73148,391,27
48,73196,277,04
48,73224,185,08
48,73268,221,11
48,73316,201,08
48,73316,201,10
48,73316,339,08
48,73328,181,04
48,73352,213,05
48,73376,141,23
48,73496,389,23
48,73526,409,27
48,73562,257,05
48,73580,441,19
48,73592,147,04
48,73652,213,05
48,73664,455,08
48,73710,121,26
48,73710,439,24
48,73724,073,05
48,73724,423,01
48,73748,027,31
48,73856,025,34
48,73868,437,13
48,73904,025,34
48,73964,191,13
48,74048,441,19
48,74132,441,19
48,74144,423,01
48,74168,025,34
48,74216,055,35
48,74216,209,35
48,74240,203,01
48,74312,459,04
48,74372,231,04
48,74408,029,28
48,74492,113,32
48,74576,463,23
48,74588,463,23
48,74594,463,23
48,74648,243,23
48,74667,427,28
48,74668,479,28
48,74670,427,28
48,74732,035,25
48,74732,309,17
48,74756,097,13
48,74895,465,23
48,74912,467,05
48,74924,085,04
48,74924,181,04
48,74984,239,27
48,75032,109,23
48,75068,321,27
48,75188,359,13
48,75236,139,06
48,75236,251,25
48,75308,487,13
48,75428,469,27
48,75432,427,28
48,75476,361,36
48,75554,061,34
48,75614,061,34
48,75617,427,28
48,75626,215,34
48,75668,141,16
48,75752,453,10
48,75764,029,23
48,76000,309,17
48,76024,177,27
48,76096,037,04
48,76228,201,10
48,76228,473,10
48,76240,015,10
48,76348,035,25
48,76564,457,36
48,76576,183,01
48,76576,459,04
48,76636,203,01
48,76672,439,12
48,76672,439,26
48,76816,139,06
48,76864,367,12
48,76924,453,10
48,76948,201,22
48,76948,201,36
48,77020,089,10
48,77044,207,19
48,77056,491,31
48,77080,115,11
48,77152,087,13
48,77164,445,19
48,77176,073,05
48,77196,453,17
48,77272,215,15
48,77272,215,34
48,77332,309,17
48,77336,427,28
48,77380,335,11
48,77416,039,14
48,77422,249,34
48,77490,367,12
48,77620,121,26
48,77620,439,24
48,77620,439,26
48,77632,453,25
48,77662,373,36
48,77680,085,04
48,77728,135,11
48,77740,085,04
48,77746,157,22
48,77752,361,36
48,77788,439,12
48,77866,215,15
48,77896,231,04
48,77956,201,02
48,77956,201,07
48,78016,141,16
48,78040,455,08
48,78076,439,12
48,78136,481,27
48,78208,483,13
48,78316,065,13
48,78328,079,19
48,78388,423,01
48,78436,183,01
48,78532,181,04
48,78544,439,12
48,78628,147,04
48,78628,181,04
48,78664,217,25
48,79000,485,13
48,79036,475,23
48,79192,039,14
48,79204,199,36
48,79204,457,36
48,79408,339,08
48,79492,367,12
48,79564,467,05
48,79576,113,05
48,79576,113,30
48,79612,305,19
48,79624,209,21
48,79624,209,25
48,79672,029,28
48,79672,029,35
48,79676,453,17
48,79684,147,04
48,79696,009,13
48,79696,077,13
48,79720,449,04
48,79768,495,23
48,79792,071,36
48,79816,159,04
48,79816,499,05
48,79828,423,01
48,79876,399,11
48,79919,041,17
48,79948,231,04
48,79972,303,19
48,80044,339,08
48,80058,209,25
48,80144,339,08
48,80176,391,27
48,80188,447,19
48,80212,457,36
48,80224,309,17
48,80296,161,17
48,80350,021,27
48,80356,085,03
48,80356,085,32
48,80356,113,32
48,80356,397,04
48,80440,499,05
48,80560,123,34
48,80560,285,27
48,80584,123,34
48,80686,061,34
48,80716,505,28
48,80722,489,34
48,80724,427,28
48,80728,005,01
48,80836,187,15
