VIRGINIA CONGRESSIONAL DISTRICTS BY PLACE
State,Place,County/IndependentCity,CongressionalDistrict
51,00148,191,09
51,00180,001,02
51,00468,173,09
51,00724,025,05
51,01000,510,08
51,01256,155,09
51,01528,031,05
51,01640,007,07
51,01672,009,06
51,01912,059,08
51,01912,059,11
51,02040,195,09
51,02064,187,06
51,02072,011,05
51,02112,179,01
51,02248,107,10
51,03000,013,08
51,03208,125,05
51,03320,107,10
51,03368,085,01
51,03512,173,09
51,03528,001,02
51,03608,015,06
51,04088,059,08
51,04088,059,11
51,04856,117,05
51,04872,089,09
51,04920,171,06
51,05200,001,02
51,05336,061,01
51,05544,515,05
51,05912,001,02
51,05912,131,02
51,05928,059,08
51,06216,041,04
51,06216,041,07
51,06275,107,10
51,06336,165,06
51,06424,155,09
51,06512,121,09
51,06712,093,03
51,06728,041,07
51,06968,043,10
51,07160,199,02
51,07400,019,06
51,07480,195,09
51,07784,121,09
51,07832,135,07
51,07944,143,05
51,07976,021,09
51,08120,001,02
51,08152,185,09
51,08200,023,06
51,08264,109,07
51,08320,001,02
51,08472,041,07
51,08584,067,05
51,08675,001,02
51,08708,179,01
51,08888,033,01
51,08984,043,10
51,09016,117,05
51,09032,175,04
51,09064,117,05
51,09188,107,10
51,09208,175,04
51,09248,041,07
51,09656,165,06
51,09752,113,05
51,09816,520,09
51,09952,107,10
51,10040,165,06
51,10072,025,05
51,10072,117,05
51,10296,031,05
51,10744,023,06
51,10776,153,01
51,10776,153,10
51,10856,029,05
51,11032,530,06
51,11230,153,01
51,11245,153,10
51,11464,059,10
51,11464,059,11
51,11470,059,11
51,11560,135,07
51,12136,005,09
51,12264,061,01
51,12264,061,05
51,12590,093,03
51,12600,035,09
51,12808,131,02
51,12904,175,04
51,12915,001,02
51,13160,093,03
51,13192,093,03
51,13403,107,10
51,13512,167,09
51,13624,061,01
51,13635,001,02
51,13720,161,06
51,13784,185,09
51,14312,101,01
51,14440,059,10
51,14440,059,11
51,14544,087,07
51,14744,059,10
51,14904,036,04
51,14952,037,05
51,14968,540,05
51,14984,117,05
51,14995,001,02
51,15000,143,05
51,15048,089,05
51,15112,131,02
51,15176,153,01
51,15176,153,11
51,16000,550,03
51,16000,550,04
51,16096,041,04
51,16240,157,05
51,16240,187,06
51,16480,173,09
51,16512,001,02
51,16608,121,09
51,16736,015,06
51,16880,181,04
51,16992,083,05
51,16992,117,05
51,17120,185,09
51,17296,167,09
51,17376,059,10
51,17440,005,09
51,17504,051,09
51,17536,169,09
51,17552,051,09
51,17632,083,05
51,17680,023,06
51,17776,083,05
51,17952,195,09
51,18352,089,09
51,18400,193,01
51,18448,570,04
51,18624,065,05
51,18880,011,05
51,18880,031,05
51,19560,107,10
51,19571,153,01
51,19571,153,11
51,19600,175,04
51,19728,580,09
51,19904,015,06
51,20160,135,07
51,20240,015,06
51,20436,059,10
51,20436,059,11
51,20560,003,05
51,20752,047,07
51,20768,049,05
51,21008,099,01
51,21016,099,01
51,21088,153,01
51,21088,153,11
51,21152,023,06
51,21184,191,09
51,21312,051,09
51,21312,167,09
51,21344,590,05
51,21648,165,06
51,21776,001,02
51,21872,015,06
51,22064,119,01
51,22160,181,04
51,22560,029,05
51,22976,015,06
51,23376,037,05
51,23392,059,10
51,23392,059,11
51,23408,155,09
51,23584,105,09
51,23648,155,09
51,23680,169,09
51,23732,107,10
51,23744,087,07
51,23760,153,11
51,23952,169,09
51,23984,059,11
51,24496,087,04
51,24544,163,06
51,24752,131,02
51,24816,025,05
51,25008,171,06
51,25408,165,06
51,25488,121,09
51,25792,191,09
51,25808,595,04
51,25877,041,04
51,25968,003,05
51,26128,041,04
51,26384,105,09
51,26416,131,02
51,26496,600,11
51,26592,059,10
51,26592,059,11
51,26701,059,11
51,26736,155,09
51,26875,059,10
51,26875,059,11
51,26944,117,05
51,27040,099,01
51,27200,610,08
51,27264,179,01
51,27296,035,09
51,27440,049,05
51,27440,147,05
51,27712,067,05
51,27744,089,09
51,27824,023,06
51,27968,015,06
51,28496,157,05
51,28528,059,10
51,28528,059,11
51,28544,063,09
51,28688,019,06
51,29008,059,08
51,29040,197,09
51,29136,059,08
51,29152,149,04
51,29552,059,08
51,29600,620,03
51,29628,059,10
51,29628,059,11
51,29744,630,01
51,29840,003,05
51,29920,077,09
51,29968,187,06
51,30176,153,01
51,30176,153,10
51,30208,640,09
51,30384,001,02
51,30480,025,05
51,30496,169,09
51,30618,059,11
51,31056,191,09
51,31136,163,06
51,31200,087,07
51,31376,071,09
51,31488,161,09
51,31608,073,01
51,31616,073,01
51,31808,075,07
51,31936,109,07
51,31936,137,07
51,31968,163,06
51,32320,185,09
51,32496,059,10
51,32560,001,02
51,32592,059,10
51,32592,059,11
51,32624,001,02
51,32944,015,06
51,33232,143,05
51,33488,015,06
51,33488,165,06
51,33584,059,08
51,33648,027,09
51,33824,115,01
51,34064,083,05
51,34176,001,02
51,34240,107,10
51,34304,147,05
51,35000,650,02
51,35000,650,03
51,35160,085,01
51,35240,001,02
51,35624,660,06
51,35640,015,06
51,35912,059,08
51,35976,153,10
51,36008,051,09
51,36216,133,01
51,36445,067,05
51,36648,059,11
51,37032,087,04
51,37288,107,10
51,37336,035,09
51,37544,155,09
51,37880,023,06
51,37880,161,06
51,37880,161,09
51,38032,003,05
51,38280,167,09
51,38424,670,04
51,38504,001,02
51,38552,089,09
51,38632,017,06
51,39064,059,08
51,39224,143,05
51,39304,059,08
51,39448,059,08
51,39528,077,09
51,39544,153,01
51,39544,153,11
51,39920,087,07
51,40024,005,09
51,40088,103,01
51,40216,197,09
51,40232,175,04
51,40248,003,05
51,40536,081,04
51,40536,183,04
51,41144,015,06
51,41272,105,09
51,41656,001,02
51,41832,111,05
51,42104,105,09
51,42264,037,05
51,42424,103,01
51,42424,133,01
51,42536,097,01
51,42568,099,01
51,42664,059,11
51,42680,059,11
51,42746,059,08
51,42792,101,01
51,43176,117,05
51,43224,121,09
51,43352,059,11
51,43359,033,01
51,43392,069,10
51,43420,033,01
51,43424,065,05
51,43430,137,07
51,43432,153,01
51,43432,153,11
51,43464,087,07
51,43600,177,07
51,44048,107,10
51,44280,087,07
51,44430,059,08
51,44430,059,11
51,44476,089,05
51,44520,025,05
51,44620,023,06
51,44696,167,09
51,44952,001,02
51,44984,107,10
51,45512,678,06
51,45784,059,08
51,45957,153,01
51,46328,153,01
51,46328,153,10
51,46760,059,11
51,47064,059,08
51,47064,059,11
51,47136,107,10
51,47144,109,07
51,47208,107,10
51,47224,125,05
51,47296,107,10
51,47352,005,09
51,47496,111,05
51,47528,139,06
51,47672,680,06
51,47720,015,06
51,48344,053,04
51,48376,059,08
51,48376,059,10
51,48376,059,11
51,48445,173,09
51,48450,059,11
51,48488,113,05
51,48520,009,06
51,48776,001,02
51,48952,683,10
51,48968,685,10
51,48996,041,07
51,49144,059,11
51,49320,001,02
51,49336,001,02
51,49464,173,09
51,49656,061,05
51,49784,690,09
51,49792,153,11
51,49998,059,08
51,50020,165,06
51,50030,165,06
51,50104,115,01
51,50136,041,04
51,50200,171,06
51,50312,197,09
51,50568,041,07
51,50776,191,09
51,50856,085,01
51,50984,001,02
51,51192,059,11
51,51208,121,09
51,51362,001,02
51,51432,015,06
51,51448,107,10
51,51512,069,10
51,51544,061,01
51,51544,061,05
51,52120,109,07
51,52408,001,02
51,52658,153,01
51,52680,091,06
51,52904,087,04
51,52952,193,01
51,52968,019,06
51,53031,107,10
51,53480,143,05
51,53584,083,05
51,53864,165,06
51,53944,143,05
51,53992,171,06
51,54120,015,06
51,54144,059,08
51,54904,071,09
51,54984,131,02
51,55000,083,05
51,55272,153,11
51,55400,125,05
51,55448,001,02
51,55528,061,05
51,55592,045,09
51,55608,001,02
51,55720,015,06
51,55752,059,08
51,55758,059,08
51,55758,059,11
51,55800,127,01
51,55848,171,06
51,56000,700,03
51,56048,155,09
51,56096,175,04
51,56304,169,09
51,56464,153,01
51,57000,710,02
51,57000,710,03
51,57531,067,05
51,57560,059,11
51,57688,720,09
51,57870,135,07
51,58104,107,10
51,58184,001,02
51,58312,089,09
51,58472,059,10
51,58472,059,11
51,58696,059,11
51,58696,153,11
51,59336,001,02
51,59384,001,02
51,59416,061,01
51,59416,061,05
51,59496,137,07
51,60296,001,02
51,60392,065,05
51,60488,011,05
51,60488,147,05
51,60500,003,05
51,60680,001,02
51,60840,155,09
51,60888,099,01
51,60920,001,02
51,60984,141,09
51,61208,071,09
51,61336,071,09
51,61464,067,05
51,61560,105,09
51,61832,730,04
51,61896,037,05
51,62264,059,08
51,62738,003,05
51,63190,121,09
51,63288,185,09
51,63768,735,02
51,63928,033,01
51,64000,740,03
51,64152,153,11
51,64272,195,09
51,64512,121,09
51,64560,149,04
51,64880,155,09
51,64976,001,02
51,65008,107,10
51,65120,153,01
51,65128,153,01
51,65128,153,11
51,65128,179,01
51,65280,001,02
51,65392,750,09
51,65744,167,09
51,65744,185,09
51,65776,059,11
51,66512,061,01
51,66512,061,05
51,66672,059,10
51,66672,059,11
51,66896,071,09
51,66928,185,09
51,67000,760,04
51,67208,089,05
51,67208,089,09
51,67256,121,09
51,67331,003,05
51,67352,083,05
51,67704,195,09
51,68000,770,06
51,68470,041,07
51,68496,067,05
51,68880,059,08
51,68885,105,09
51,69168,107,10
51,69360,079,05
51,69456,197,09
51,69472,093,03
51,69536,031,05
51,69792,105,09
51,69936,167,09
51,69936,195,09
51,70000,775,09
51,70096,173,09
51,70096,191,09
51,70112,119,01
51,70256,087,04
51,70296,089,05
51,70352,001,02
51,70520,001,02
51,70528,001,02
51,70576,001,02
51,70704,125,05
51,70715,181,04
51,70752,083,05
51,70800,003,05
51,70800,065,05
51,71040,175,04
51,71072,005,09
51,71216,059,08
51,71264,173,09
51,71625,069,10
51,71632,121,09
51,71776,139,06
51,71810,043,10
51,71810,187,06
51,71825,043,10
51,71826,187,06
51,71904,015,06
51,72080,125,05
51,72272,087,07
51,72935,187,06
51,73200,093,03
51,73376,155,09
51,73712,083,05
51,73760,179,01
51,73894,175,04
51,73904,117,05
51,74100,107,10
51,74120,059,10
51,74160,001,02
51,74384,157,05
51,74470,177,07
51,74592,059,08
51,74592,059,11
51,74848,185,09
51,74916,179,01
51,75008,079,05
51,75024,139,06
51,75040,089,09
51,75216,790,06
51,75344,069,10
51,75376,107,10
51,75702,107,10
51,75840,183,04
51,76000,171,06
51,76256,141,09
51,76272,015,06
51,76416,153,01
51,76432,800,03
51,76432,800,04
51,76448,173,09
51,76464,107,10
51,76880,181,04
51,76912,183,04
51,77520,001,02
51,77568,057,01
51,77648,001,02
51,77792,185,09
51,77856,001,02
51,77925,149,04
51,78192,061,05
51,78532,117,05
51,78688,031,05
51,78736,165,06
51,79024,171,06
51,79360,153,01
51,79360,153,11
51,79456,077,09
51,79472,023,06
51,79560,087,07
51,79768,079,05
51,79952,059,08
51,79952,059,11
51,80000,067,05
51,80016,117,05
51,80120,107,10
51,80165,003,05
51,80272,119,01
51,80608,027,09
51,80864,015,06
51,81024,111,05
51,81072,059,11
51,81152,089,09
51,81280,161,06
51,81312,083,05
51,82000,810,02
51,82320,001,02
51,82371,059,11
51,82384,183,04
51,83056,025,05
51,83088,017,06
51,83136,061,05
51,83168,159,01
51,83248,157,05
51,83568,001,02
51,83600,183,04
51,83680,820,06
51,83808,169,09
51,84366,059,08
51,84366,059,11
51,84632,067,05
51,84960,101,01
51,84976,059,11
51,85184,015,06
51,85600,103,01
51,85608,001,02
51,86160,830,02
51,86720,840,10
51,86784,093,03
51,87008,015,06
51,87008,125,05
51,87072,195,09
51,87240,059,10
51,87240,059,11
51,87312,153,11
51,87333,059,11
51,87380,041,07
51,87408,035,09
51,87430,059,08
51,87712,171,06
51,87960,087,07
51,88000,197,09
51,88145,029,05
51,88176,153,10
51,88240,199,02
