WASHINGTON CONGRESSIONAL DISTRICTS BY PLACE
State,Place,County,CongressionalDistrict
53,00100,027,06
53,00135,027,06
53,00275,073,01
53,00380,065,05
53,00800,077,04
53,00905,063,05
53,01010,075,05
53,01045,053,08
53,01150,053,08
53,01150,053,10
53,01185,061,02
53,01255,057,02
53,01290,033,08
53,01430,045,06
53,01500,043,05
53,01745,069,03
53,01780,027,06
53,01850,011,03
53,01920,033,01
53,01990,057,02
53,02060,053,10
53,02585,061,02
53,02620,061,01
53,02910,053,06
53,03005,053,08
53,03075,003,05
53,03180,033,08
53,03180,053,08
53,03736,035,06
53,04100,035,06
53,04125,025,04
53,04195,011,03
53,04300,033,01
53,04347,019,05
53,04370,019,05
53,04405,021,04
53,04475,011,03
53,04615,049,03
53,04790,057,02
53,04895,033,09
53,05140,045,06
53,05210,033,09
53,05245,009,06
53,05280,073,02
53,05560,005,04
53,05735,035,06
53,05980,039,03
53,06050,057,01
53,06050,057,02
53,06085,039,03
53,06190,073,01
53,06330,033,08
53,06505,073,01
53,06855,009,06
53,07170,053,08
53,07380,033,01
53,07380,061,01
53,07390,061,01
53,07395,061,01
53,07395,061,02
53,07397,033,07
53,07397,033,09
53,07485,019,05
53,07590,027,06
53,07695,035,06
53,07835,047,04
53,07870,017,04
53,07940,061,02
53,08080,031,06
53,08335,053,09
53,08465,011,03
53,08500,061,01
53,08500,061,02
53,08552,033,09
53,08570,053,08
53,08605,067,03
53,08640,077,04
53,08770,061,01
53,08780,071,04
53,08850,033,07
53,08885,035,06
53,08920,057,02
53,09480,011,03
53,09810,053,06
53,09820,061,01
53,09970,053,08
53,10075,009,06
53,10215,033,01
53,10320,059,03
53,10455,025,04
53,10495,007,08
53,10565,015,03
53,10600,061,01
53,10635,069,03
53,10645,061,01
53,11090,039,03
53,11160,041,03
53,11195,027,06
53,11325,061,01
53,11475,041,03
53,11615,007,08
53,11685,007,08
53,11825,063,05
53,12015,011,03
53,12140,065,05
53,12175,035,06
53,12315,049,03
53,12525,009,06
53,12630,003,05
53,12680,003,05
53,12735,065,05
53,12820,053,08
53,12840,057,01
53,12875,061,01
53,12945,037,08
53,13015,077,04
53,13155,029,02
53,13215,053,10
53,13365,033,01
53,13595,027,06
53,13785,075,05
53,13855,071,05
53,13890,075,05
53,14170,065,05
53,14310,047,04
53,14380,057,01
53,14485,021,04
53,14520,057,02
53,14660,027,06
53,14870,027,06
53,14940,033,01
53,15080,025,04
53,15115,017,04
53,15115,025,04
53,15115,047,04
53,15150,063,05
53,15185,029,02
53,15290,033,08
53,15325,077,04
53,15710,043,05
53,15780,053,08
53,16165,019,05
53,16170,019,05
53,16340,051,05
53,16375,073,01
53,16550,039,03
53,16585,019,05
53,16690,061,01
53,16760,053,09
53,16795,043,05
53,16970,013,05
53,17215,069,03
53,17320,063,05
53,17495,073,01
53,17617,025,04
53,17635,033,09
53,17880,047,04
53,18055,071,05
53,18195,011,03
53,18265,077,04
53,18775,011,03
53,18965,053,10
53,19035,033,01
53,19290,069,03
53,19420,033,09
53,19515,033,08
53,19515,033,09
53,19630,061,01
53,19630,061,02
53,19700,037,08
53,19770,035,06
53,19857,033,08
53,19857,033,09
53,20155,017,08
53,20260,053,08
53,20645,053,10
53,20680,057,02
53,20750,061,07
53,20890,053,08
53,21030,025,04
53,21205,053,08
53,21205,053,10
53,21240,037,08
53,21450,027,06
53,21485,047,04
53,21730,075,05
53,21800,035,06
53,22010,007,08
53,22045,033,08
53,22045,053,08
53,22080,025,04
53,22118,035,06
53,22150,077,04
53,22255,061,07
53,22640,061,01
53,22640,061,02
53,22745,073,01
53,22955,063,05
53,22990,063,05
53,23160,033,08
53,23160,033,09
53,23165,063,05
53,23200,033,01
53,23200,033,08
53,23340,075,05
53,23515,033,09
53,23550,011,03
53,23620,073,01
53,23690,011,03
53,23795,053,10
53,23830,053,09
53,23865,005,04
53,23970,053,10
53,24188,011,03
53,24425,061,01
53,24565,041,03
53,24810,009,06
53,24915,053,10
53,25300,063,05
53,25370,053,06
53,25475,053,10
53,25510,029,02
53,25615,055,02
53,26140,075,05
53,26245,071,05
53,26420,073,02
53,26455,025,04
53,26735,053,06
53,26875,073,01
53,26945,077,04
53,27365,061,01
53,27435,039,03
53,27680,035,06
53,27785,053,08
53,27785,053,10
53,27855,025,04
53,27890,067,03
53,27890,067,10
53,27925,077,04
53,27960,077,04
53,27995,061,01
53,28135,045,06
53,28345,027,06
53,28450,069,03
53,28590,063,05
53,28695,053,08
53,29255,057,01
53,29430,035,06
53,29710,077,04
53,29745,043,05
53,29920,025,04
53,30030,061,02
53,30060,001,04
53,30305,011,03
53,30690,053,06
53,30750,061,01
53,31495,033,08
53,31530,011,03
53,31540,027,06
53,31985,053,06
53,32125,045,06
53,32300,027,06
53,32650,027,06
53,32755,033,01
53,33000,049,03
53,33105,019,05
53,33175,061,01
53,33280,035,06
53,33380,033,01
53,33560,051,05
53,33805,033,08
53,33890,009,06
53,34470,027,06
53,34575,021,04
53,34645,015,03
53,34890,053,08
53,34960,019,05
53,35065,015,03
53,35135,073,01
53,35170,033,01
53,35275,005,04
53,35415,033,08
53,35415,033,09
53,35450,053,10
53,35485,065,05
53,35555,053,06
53,35625,035,06
53,35835,033,01
53,35870,035,06
53,35940,033,01
53,36045,037,08
53,36100,033,08
53,36115,039,03
53,36395,025,04
53,36710,011,03
53,36745,067,10
53,36780,057,02
53,36850,075,05
53,36920,053,08
53,37077,061,01
53,37100,061,01
53,37100,061,02
53,37105,057,01
53,37270,033,07
53,37345,033,08
53,37415,061,02
53,37420,033,08
53,37430,033,08
53,37526,057,01
53,37526,057,02
53,37538,033,01
53,37567,033,08
53,37672,061,01
53,37830,011,03
53,37900,061,01
53,37917,061,02
53,37920,053,08
53,37926,025,04
53,38038,053,10
53,38215,075,05
53,38355,029,02
53,38420,061,02
53,38495,063,05
53,38705,019,05
53,38845,007,08
53,38880,049,03
53,39212,011,03
53,39335,063,05
53,39510,001,04
53,39860,061,01
53,39930,035,06
53,40070,049,03
53,40105,053,06
53,40245,015,03
53,40270,015,03
53,40350,047,04
53,40385,065,05
53,40570,069,03
53,40735,039,03
53,40770,057,01
53,40805,073,01
53,40840,061,02
53,40840,061,07
53,40980,077,04
53,41155,053,10
53,41225,027,06
53,41470,061,01
53,41645,053,08
53,41645,053,10
53,41785,053,08
53,41785,053,10
53,42275,075,05
53,42310,019,05
53,42345,027,06
53,42380,047,04
53,42415,061,01
53,42450,035,06
53,42800,017,04
53,42835,007,08
53,43010,073,01
53,43062,033,08
53,43150,033,08
53,43255,053,06
53,43325,057,01
53,43395,065,05
53,43491,073,01
53,43640,027,06
53,43762,031,06
53,43815,061,02
53,43885,039,03
53,43955,061,02
53,44165,025,04
53,44260,061,01
53,44480,063,05
53,44585,061,02
53,44620,011,03
53,44690,063,05
53,44725,033,01
53,45005,033,09
53,45180,021,04
53,45285,051,05
53,45320,051,05
53,45355,047,04
53,45495,053,10
53,45865,061,01
53,45870,061,01
53,45985,063,05
53,46020,033,08
53,46020,053,08
53,46090,041,03
53,46125,011,03
53,46215,033,08
53,46405,027,06
53,46685,061,01
53,46725,061,01
53,46895,027,06
53,47175,041,03
53,47245,025,04
53,47280,025,04
53,47315,041,03
53,47490,061,02
53,47560,057,01
53,47630,011,03
53,47665,077,04
53,47735,061,02
53,47805,077,04
53,47980,041,03
53,48015,049,03
53,48225,035,06
53,48295,009,06
53,48330,027,06
53,48540,047,04
53,48550,047,04
53,48645,033,09
53,48820,051,05
53,49030,077,04
53,49193,067,10
53,49275,073,01
53,49415,033,07
53,49485,033,08
53,49555,059,03
53,49765,053,10
53,49940,061,02
53,49992,061,02
53,50007,047,04
53,50045,065,05
53,50115,053,10
53,50183,061,01
53,50195,061,02
53,50210,067,10
53,50325,075,05
53,50360,029,02
53,50430,027,06
53,50500,027,06
53,50535,049,03
53,50570,027,06
53,50745,043,05
53,50920,047,04
53,51300,067,10
53,51340,047,04
53,51410,041,03
53,51795,011,03
53,51830,019,05
53,51970,047,04
53,52005,053,08
53,52110,061,01
53,52215,001,04
53,52267,063,05
53,52285,077,04
53,52378,027,06
53,52495,033,08
53,52495,053,08
53,52530,027,06
53,52600,041,03
53,52950,075,05
53,53265,077,04
53,53335,053,10
53,53440,035,06
53,53545,021,04
53,53720,047,04
53,53800,073,01
53,53930,041,03
53,54213,061,02
53,54405,019,05
53,55015,073,01
53,55120,023,05
53,55365,009,06
53,55400,009,06
53,55540,027,06
53,55612,035,06
53,55620,031,06
53,55645,031,06
53,55785,035,06
53,55855,031,06
53,55995,035,06
53,56150,053,08
53,56170,053,08
53,56240,071,05
53,56450,005,04
53,56555,069,03
53,56625,075,05
53,56660,053,06
53,56695,053,10
53,56905,027,06
53,56905,031,06
53,56975,031,06
53,57030,027,06
53,57115,025,04
53,57140,053,06
53,57220,067,10
53,57395,033,08
53,57430,049,03
53,57465,043,05
53,57535,033,01
53,57745,033,09
53,57850,019,05
53,58235,005,04
53,58410,011,03
53,58725,001,04
53,58742,033,08
53,58777,009,06
53,58795,047,04
53,58865,033,07
53,59110,067,10
53,59145,063,05
53,59180,017,04
53,59250,057,01
53,59390,035,06
53,59635,037,08
53,59705,039,03
53,59775,075,05
53,59845,069,03
53,59880,053,06
53,60055,037,08
53,60160,053,10
53,60230,025,04
53,60510,053,06
53,60580,015,03
53,60860,075,05
53,61000,011,03
53,61115,033,08
53,61235,027,06
53,61350,027,06
53,62120,035,06
53,62288,033,09
53,63000,033,07
53,63000,033,09
53,63210,057,02
53,63245,009,06
53,63280,077,04
53,63385,009,06
53,63545,033,08
53,63735,045,10
53,63960,033,07
53,64190,061,02
53,64365,035,06
53,64380,061,01
53,64610,061,01
53,64610,061,02
53,64755,069,03
53,64775,045,06
53,64855,033,01
53,65170,061,01
53,65205,033,08
53,65275,037,08
53,65345,025,04
53,65625,049,03
53,65765,037,08
53,65810,053,08
53,65810,053,10
53,65922,053,08
53,65922,053,10
53,66045,053,08
53,66185,007,08
53,66220,035,06
53,66255,053,08
53,66255,053,10
53,66290,063,05
53,67000,063,05
53,67167,063,05
53,67175,043,05
53,67210,065,05
53,67435,053,06
53,67455,061,02
53,67490,013,05
53,67595,061,01
53,67770,053,10
53,67805,075,05
53,67875,059,03
53,68200,073,02
53,68260,061,01
53,68330,073,01
53,68365,053,10
53,68410,053,10
53,68417,077,04
53,68435,053,08
53,68435,053,10
53,68480,061,02
53,68750,077,04
53,68785,007,08
53,69170,035,06
53,69280,061,01
53,70000,053,06
53,70000,053,09
53,70000,053,10
53,70175,027,06
53,70245,077,04
53,70280,067,10
53,70315,033,01
53,70560,075,05
53,70630,067,10
53,70805,077,04
53,71225,037,08
53,71330,061,01
53,71400,077,04
53,71680,049,03
53,71785,041,03
53,71890,047,04
53,71960,077,04
53,71995,019,05
53,72030,071,04
53,72170,063,05
53,72205,035,06
53,72450,039,03
53,72625,033,09
53,72905,067,10
53,73065,019,05
53,73080,047,04
53,73255,045,06
53,73290,077,04
53,73307,033,01
53,73360,075,05
53,73465,053,10
53,73580,069,03
53,73780,041,03
53,73885,065,05
53,74060,011,03
53,74200,037,08
53,74305,033,07
53,74445,053,06
53,74585,011,03
53,74760,061,01
53,75565,071,05
53,75775,071,05
53,75810,071,05
53,75905,053,10
53,75985,071,04
53,76055,011,03
53,76125,077,04
53,76160,025,04
53,76195,061,02
53,76405,011,03
53,76440,001,04
53,76510,017,04
53,76615,053,06
53,76720,063,05
53,77105,007,08
53,77297,003,05
53,77612,021,04
53,77630,027,06
53,77665,005,04
53,77745,015,03
53,78155,029,02
53,78225,033,07
53,78330,039,03
53,78365,077,04
53,78680,043,05
53,78780,033,08
53,78925,053,08
53,78995,049,03
53,79135,025,04
53,79275,041,03
53,79380,047,04
53,79485,039,03
53,79555,053,06
53,79590,033,01
53,79625,011,03
53,79625,015,03
53,79825,061,01
53,79835,061,07
53,79975,011,03
53,80010,077,04
53,80150,033,01
53,80220,067,10
53,80500,077,04
