WEST VIRGINIA CONGRESSIONAL DISTRICTS BY PLACE
State,Place,County,CongressionalDistrict
54,00196,045,03
54,00364,101,03
54,00748,077,01
54,00772,025,03
54,00772,063,03
54,01396,039,02
54,01396,043,03
54,01660,045,03
54,01780,047,03
54,01900,033,01
54,01996,019,03
54,02188,053,03
54,03292,055,03
54,03364,085,01
54,03460,077,01
54,04204,079,02
54,04276,011,03
54,04612,049,01
54,04732,047,03
54,04780,075,03
54,04876,065,02
54,04924,023,01
54,05068,019,03
54,05260,081,03
54,05332,081,03
54,05452,009,01
54,05788,001,01
54,05836,039,02
54,06004,073,01
54,06052,067,03
54,06340,051,01
54,06436,101,03
54,06748,047,03
54,06844,009,01
54,06940,069,01
54,06988,083,02
54,07204,039,02
54,07228,045,03
54,07516,047,03
54,07756,067,03
54,08092,061,01
54,08308,107,01
54,08524,055,03
54,08764,055,03
54,08836,107,01
54,08932,037,02
54,08956,081,03
54,09100,019,03
54,09364,083,02
54,09676,081,03
54,09700,047,03
54,09796,055,03
54,09844,077,01
54,09868,071,02
54,09964,109,03
54,10180,033,01
54,10420,061,01
54,10852,077,01
54,10876,045,03
54,10948,055,03
54,11188,097,02
54,11212,109,03
54,11284,079,02
54,11620,057,01
54,11716,007,02
54,12124,085,01
54,12436,101,03
54,12484,051,01
54,13108,027,02
54,13468,049,01
54,13525,057,01
54,13684,075,03
54,13756,061,01
54,13924,039,02
54,14212,001,01
54,14308,099,03
54,14524,045,03
54,14600,039,02
54,14610,037,02
54,14630,019,03
54,14692,059,03
54,14716,045,03
54,14775,061,01
54,14812,039,02
54,15028,039,02
54,15076,029,01
54,15628,033,01
54,15676,015,02
54,15916,069,01
54,16012,039,02
54,16516,081,03
54,16612,039,02
54,17380,005,03
54,17836,109,03
54,18388,109,03
54,18412,101,03
54,18508,081,03
54,18604,067,03
54,19108,039,02
54,19300,099,03
54,19324,047,03
54,19492,047,03
54,19516,011,03
54,19516,079,02
54,19948,083,02
54,20164,081,03
54,20212,005,03
54,20428,093,01
54,20500,047,03
54,20764,019,03
54,20980,059,03
54,21316,033,01
54,21628,019,03
54,21628,067,03
54,22564,039,02
54,22852,075,03
54,23092,039,02
54,23140,083,02
54,23644,081,03
54,24292,079,02
54,24364,105,02
54,24484,057,01
54,24580,083,02
54,24748,039,02
54,24844,085,01
54,25516,033,01
54,26428,025,03
54,26452,049,01
54,26524,049,01
54,26692,025,03
54,26716,003,02
54,26812,019,03
54,26932,049,01
54,27028,019,03
54,27196,067,03
54,27868,007,02
54,27940,091,01
54,28204,009,01
54,28444,057,01
54,28516,099,03
54,28948,075,03
54,29044,071,02
54,29404,095,01
54,29716,053,03
54,29740,001,01
54,30196,047,03
54,30220,007,02
54,30364,019,03
54,30724,081,03
54,30772,059,03
54,30777,059,03
54,31324,039,02
54,31492,051,01
54,31732,019,03
54,31756,109,03
54,31876,019,03
54,32044,021,01
54,32068,081,03
54,32716,091,01
54,32884,013,02
54,32908,049,01
54,32932,061,01
54,33100,065,02
54,33124,075,03
54,33436,027,02
54,33580,005,03
54,34180,033,01
54,34492,093,01
54,34516,043,03
54,34756,039,02
54,35092,083,02
54,35284,037,02
54,35428,085,01
54,35500,053,03
54,35596,043,03
54,36220,003,02
54,36292,081,03
54,36340,083,02
54,36436,053,03
54,36460,093,01
54,36484,045,03
54,36628,033,01
54,37036,019,03
54,37372,075,03
54,37444,019,03
54,37636,089,03
54,37948,045,03
54,38260,079,02
54,38476,009,01
54,39340,103,01
54,39412,075,03
54,39460,011,03
54,39460,099,03
54,39532,079,02
54,39628,083,02
54,39652,047,03
54,39676,049,01
54,40204,003,02
54,40444,109,03
54,40636,103,01
54,40828,041,02
54,41010,039,02
54,42244,001,01
54,42292,059,03
54,43180,099,03
54,43300,059,03
54,43492,057,01
54,43516,047,03
54,43780,047,03
54,43828,019,03
54,43852,019,03
54,44044,077,01
54,44188,045,03
54,44548,109,03
54,45292,055,03
54,45580,099,03
54,46300,053,03
54,46420,011,03
54,46468,081,03
54,46636,025,03
54,47788,103,01
54,48148,045,03
54,48748,033,01
54,49156,107,01
54,49252,033,01
54,49492,081,03
54,49564,081,03
54,49732,045,03
54,50260,051,01
54,50524,005,03
54,50860,045,03
54,50932,045,03
54,51100,049,01
54,51676,075,03
54,51724,039,02
54,52060,003,02
54,52180,053,03
54,52228,077,01
54,52324,059,03
54,52372,109,03
54,52420,055,03
54,52588,047,03
54,52780,019,03
54,53572,095,01
54,53692,037,02
54,54100,083,02
54,54484,011,03
54,54508,019,03
54,54580,107,01
54,54892,045,03
54,55132,045,03
54,55276,049,01
54,55372,055,03
54,55468,019,03
54,55468,039,02
54,55540,083,02
54,55588,031,02
54,55756,061,01
54,56020,051,01
54,56212,019,03
54,56342,045,03
54,56404,019,03
54,57148,109,03
54,57916,045,03
54,58180,067,03
54,58300,077,01
54,58372,029,01
54,58420,029,01
54,58564,053,03
54,58684,103,01
54,58756,109,03
54,59068,039,02
54,59068,079,02
54,59428,047,03
54,59458,107,01
54,59836,033,01
54,60028,019,03
54,60196,055,03
54,60364,109,03
54,60628,045,03
54,61636,095,01
54,61636,103,01
54,61660,019,03
54,61684,047,03
54,62140,107,01
54,62284,093,01
54,62332,065,02
54,62356,019,03
54,62488,011,03
54,62764,085,01
54,62788,061,01
54,62956,023,01
54,63052,063,03
54,63292,001,01
54,63484,083,02
54,63604,057,01
54,63772,039,02
54,63892,103,01
54,63940,109,03
54,63988,081,03
54,64228,049,01
54,64516,079,02
54,64708,053,03
54,65284,019,03
54,65356,039,02
54,65596,099,03
54,65668,019,03
54,65692,055,03
54,65836,081,03
54,65956,085,01
54,66412,025,03
54,66460,049,01
54,66484,005,03
54,66652,025,03
54,66892,039,02
54,66988,037,02
54,67108,035,02
54,67228,047,03
54,67252,103,01
54,67396,059,03
54,67636,077,01
54,67660,087,02
54,67996,081,03
54,68116,067,03
54,68260,057,01
54,68596,035,02
54,68908,049,01
54,69100,045,03
54,69844,047,03
54,70084,027,02
54,70156,025,03
54,70468,045,03
54,70588,077,01
54,70828,025,03
54,71212,039,02
54,71356,073,01
54,71380,033,01
54,71476,011,03
54,71620,021,01
54,72004,045,03
54,72292,019,03
54,73108,081,03
54,73252,037,02
54,73444,037,02
54,73468,037,02
54,73636,033,01
54,73876,039,02
54,74356,039,02
54,74380,095,01
54,74740,019,03
54,74740,039,02
54,74788,103,01
54,75172,081,03
54,75292,039,02
54,75796,033,01
54,75820,087,02
54,76084,027,02
54,76444,081,03
54,76516,061,01
54,76996,045,03
54,77188,033,01
54,77980,067,03
54,78580,007,02
54,78796,045,03
54,78964,005,03
54,79545,079,02
54,79708,077,01
54,80020,093,01
54,80284,019,03
54,80476,067,03
54,80932,069,01
54,81268,077,01
54,81484,005,03
54,81940,063,03
54,82180,039,02
54,82564,083,02
54,82732,069,01
54,82756,083,02
54,82852,005,03
54,83332,045,03
54,83500,107,01
54,83764,047,03
54,84484,047,03
54,84580,031,02
54,84724,107,01
54,84916,107,01
54,84940,099,03
54,85156,009,01
54,85156,029,01
54,85228,047,03
54,85324,009,01
54,85804,043,03
54,85876,069,01
54,85900,045,03
54,85924,033,01
54,85972,041,02
54,85996,061,01
54,86116,017,01
54,86452,051,01
54,86452,069,01
54,86620,049,01
54,86812,025,03
54,86836,005,03
54,86932,083,02
54,87316,057,01
54,87508,059,03
54,87556,107,01
54,87892,009,01
54,87988,079,02
54,88276,033,01
54,88324,083,02
54,88708,049,01
