WISCONSIN CONGRESSIONAL DISTRICTS BY PLACE
State,Place,County,CongressionalDistrict
55,00100,019,07
55,00100,073,07
55,00150,083,08
55,00275,001,03
55,00450,117,06
55,00750,045,02
55,01000,061,08
55,01100,131,05
55,01150,009,08
55,01225,011,03
55,01300,053,03
55,01325,005,07
55,01400,097,03
55,01550,035,03
55,01650,075,08
55,01725,095,07
55,01750,097,03
55,01800,097,03
55,01950,115,08
55,02075,115,08
55,02250,067,07
55,02375,015,08
55,02375,087,08
55,02375,139,06
55,02500,121,03
55,02550,049,02
55,02600,041,07
55,02650,065,02
55,02700,091,03
55,02725,001,03
55,02800,021,06
55,03025,141,07
55,03175,027,05
55,03225,003,07
55,03225,007,07
55,03425,009,08
55,03550,073,07
55,03775,141,07
55,03825,035,03
55,04025,049,02
55,04150,141,07
55,04250,043,03
55,04300,029,08
55,04400,109,07
55,04475,095,07
55,04525,097,03
55,04550,063,03
55,04625,111,02
55,04775,049,02
55,04875,005,07
55,04925,005,07
55,05325,093,03
55,05350,007,07
55,05450,079,04
55,05450,079,06
55,05450,089,06
55,05575,087,08
55,05900,027,06
55,06150,089,06
55,06225,023,03
55,06300,025,02
55,06300,045,02
55,06350,009,08
55,06425,065,02
55,06500,105,01
55,06500,105,02
55,06825,065,02
55,06925,047,06
55,06925,137,06
55,07200,133,01
55,07250,135,08
55,07532,003,07
55,07550,129,07
55,07600,073,07
55,07600,115,08
55,07650,141,03
55,07725,087,08
55,07800,025,02
55,07900,053,03
55,08075,121,03
55,08125,049,02
55,08125,065,02
55,08225,017,07
55,08375,043,03
55,08475,025,02
55,08525,043,03
55,08560,111,02
55,08600,103,03
55,08625,101,01
55,08725,115,08
55,08850,043,03
55,08925,125,07
55,09025,115,08
55,09050,033,03
55,09075,017,03
55,09300,039,06
55,09465,063,03
55,09725,015,08
55,09800,059,01
55,09925,045,02
55,09925,105,02
55,09975,073,07
55,10025,133,05
55,10075,025,02
55,10075,045,02
55,10375,079,04
55,10425,101,01
55,10450,027,06
55,10475,045,02
55,10500,107,07
55,10550,031,07
55,11062,011,03
55,11200,101,01
55,11200,127,01
55,11250,027,06
55,11475,133,04
55,11475,133,05
55,11500,139,08
55,11525,003,07
55,11650,007,07
55,11750,017,03
55,11950,101,01
55,12200,021,06
55,12225,025,02
55,12225,055,05
55,12250,005,07
55,12325,039,06
55,12350,057,03
55,12400,059,01
55,12675,115,08
55,12825,117,06
55,12850,061,08
55,12950,081,03
55,13050,043,03
55,13150,081,03
55,13175,099,07
55,13300,103,02
55,13300,111,02
55,13325,115,08
55,13375,089,06
55,13475,117,06
55,13850,095,07
55,13880,135,08
55,14150,123,03
55,14175,119,07
55,14225,133,05
55,14325,005,07
55,14440,113,07
55,14450,019,07
55,14475,015,08
55,14575,017,03
55,14850,003,07
55,15100,095,07
55,15250,095,07
55,15400,071,06
55,15625,105,01
55,15725,135,08
55,15900,027,05
55,15975,049,02
55,16025,011,03
55,16150,019,07
55,16150,073,07
55,16250,075,08
55,16275,033,03
55,16350,071,06
55,16375,137,06
55,16450,021,06
55,16450,027,06
55,16500,087,08
55,16575,127,01
55,16775,107,07
55,16900,123,03
55,17100,017,07
55,17150,007,07
55,17175,025,02
55,17225,113,07
55,17425,041,07
55,17725,075,08
55,17775,025,02
55,17950,043,03
55,17950,065,02
55,17975,079,04
55,18025,005,07
55,18125,019,07
55,18500,087,08
55,18575,005,07
55,18625,047,06
55,18650,013,07
55,18700,025,02
55,18825,127,01
55,18875,065,02
55,19250,025,02
55,19325,109,07
55,19350,025,02
55,19400,133,05
55,19450,127,01
55,19500,127,01
55,19600,001,03
55,19700,009,08
55,19775,009,08
55,19850,023,03
55,19850,123,03
55,20125,093,03
55,20167,003,07
55,20175,043,03
55,20275,121,03
55,20350,049,02
55,20450,019,07
55,20450,073,07
55,20550,133,01
55,20550,133,05
55,20675,033,03
55,20725,033,03
55,20775,021,06
55,20850,095,07
55,20875,007,07
55,20975,075,08
55,21225,091,03
55,21375,009,08
55,21375,061,08
55,21425,133,01
55,21525,101,01
55,21625,125,07
55,21900,023,03
55,22100,127,01
55,22300,017,03
55,22300,035,03
55,22475,039,06
55,22550,073,07
55,22575,025,02
55,22575,105,02
55,22700,049,02
55,22850,029,08
55,22975,115,08
55,23025,067,07
55,23075,073,07
55,23175,121,03
55,23275,117,06
55,23300,127,01
55,23325,033,03
55,23475,029,08
55,23525,093,03
55,23575,133,05
55,23700,093,03
55,23725,101,01
55,23800,057,03
55,23850,135,08
55,23900,109,07
55,24075,077,06
55,24150,029,08
55,24400,121,03
55,24475,139,06
55,24550,105,02
55,24700,113,07
55,24825,035,03
55,25075,039,06
55,25125,035,03
55,25150,021,06
55,25600,043,03
55,25650,073,07
55,25725,023,03
55,25950,025,02
55,26175,037,07
55,26275,039,06
55,26350,127,01
55,26400,105,02
55,26575,015,08
55,26625,029,08
55,26675,055,05
55,26850,011,03
55,27000,027,06
55,27075,079,04
55,27125,071,06
55,27300,079,01
55,27412,003,07
55,27500,095,07
55,27550,089,06
55,27800,135,08
55,27875,063,03
55,27950,001,03
55,28000,021,06
55,28200,121,03
55,28450,023,03
55,28625,123,03
55,28675,059,01
55,28675,127,01
55,28875,131,05
55,28925,117,06
55,29050,083,08
55,29175,119,07
55,29350,117,06
55,29400,079,04
55,29475,107,07
55,29500,043,03
55,29625,109,07
55,29675,003,07
55,29750,075,08
55,29900,031,07
55,29950,103,02
55,30000,089,06
55,30100,001,03
55,30150,007,07
55,30425,019,07
55,30450,013,07
55,30575,065,02
55,31000,009,08
55,31075,117,06
55,31125,079,01
55,31175,079,05
55,31300,047,06
55,31375,009,08
55,31475,115,08
55,31575,019,07
55,31675,115,08
55,31975,093,03
55,32075,079,01
55,32325,109,07
55,32450,137,06
55,32550,105,02
55,33000,027,05
55,33000,131,05
55,33100,133,05
55,33150,053,03
55,33175,073,07
55,33225,005,07
55,33275,107,07
55,33450,113,07
55,33500,043,03
55,33500,065,02
55,33675,055,05
55,33825,055,05
55,33975,007,07
55,34250,141,07
55,34450,049,02
55,34575,015,08
55,34825,123,03
55,35000,117,06
55,35075,053,03
55,35150,009,08
55,35225,017,07
55,35400,049,02
55,35450,063,03
55,35750,027,06
55,35850,087,08
55,35900,109,07
55,35950,009,08
55,35950,087,08
55,36025,117,06
55,36250,109,07
55,36400,019,07
55,36525,051,07
55,36625,027,05
55,36675,057,03
55,36800,121,03
55,36925,107,07
55,37025,135,08
55,37125,051,07
55,37150,027,05
55,37175,007,07
55,37225,111,02
55,37575,055,05
55,37675,131,05
55,37825,105,01
55,37900,055,05
55,38225,017,07
55,38350,055,05
55,38600,045,02
55,38625,119,07
55,38650,097,03
55,38675,027,05
55,38800,087,08
55,38900,027,06
55,39000,071,06
55,39150,081,03
55,39175,099,07
55,39225,059,01
55,39250,078,08
55,39300,039,06
55,39300,131,05
55,39350,061,08
55,39525,015,08
55,39525,071,06
55,39550,043,03
55,39650,087,08
55,39700,135,08
55,39750,047,06
55,39975,033,03
55,40125,073,07
55,40275,117,06
55,40450,115,08
55,40550,073,07
55,40675,125,07
55,40750,055,05
55,40750,133,05
55,40775,063,03
55,40850,107,07
55,40875,123,03
55,41160,001,03
55,41210,001,03
55,41300,111,02
55,41450,127,01
55,41525,017,03
55,41560,127,01
55,41583,055,05
55,41645,127,01
55,41675,055,05
55,41725,031,07
55,41765,055,05
55,41770,059,01
55,41772,001,03
55,41875,085,07
55,41975,141,03
55,42012,021,06
55,42012,111,02
55,42025,017,03
55,42050,083,08
55,42250,043,03
55,42450,133,05
55,42475,041,07
55,42805,127,01
55,42825,111,02
55,43025,027,05
55,43207,078,08
55,43325,083,08
55,43575,115,08
55,43725,095,07
55,43985,059,01
55,44225,111,02
55,44625,049,02
55,44950,087,08
55,45220,113,07
55,45225,029,08
55,45325,043,03
55,45325,049,02
55,45350,021,06
55,45400,111,02
55,45425,137,06
55,45475,027,06
55,45575,103,02
55,45600,037,07
55,45950,027,05
55,46075,019,07
55,46150,119,07
55,46200,095,07
55,46400,061,08
55,46600,057,03
55,46675,023,03
55,46850,025,02
55,48000,025,02
55,48175,093,03
55,48350,135,08
55,48500,071,06
55,48750,025,02
55,49100,073,07
55,49175,003,07
55,49250,071,06
55,49300,075,08
55,49400,115,08
55,49400,135,08
55,49450,047,06
55,49500,047,06
55,49575,025,02
55,49675,073,07
55,49675,141,07
55,49900,007,07
55,50000,115,08
55,50025,057,03
55,50200,027,06
55,50225,025,02
55,50425,119,07
55,50700,003,07
55,50750,053,03
55,50800,081,03
55,50825,015,08
55,50825,139,06
55,51000,133,05
55,51025,033,03
55,51150,089,06
55,51175,051,07
55,51250,069,07
55,51300,053,03
55,51325,111,02
55,51375,133,05
55,51575,025,02
55,51617,078,08
55,51617,115,08
55,51875,097,03
55,51875,141,03
55,52025,053,03
55,52075,095,07
55,52200,105,01
55,53000,079,04
55,53000,131,05
55,53000,133,04
55,53100,049,02
55,53200,085,07
55,53250,129,07
55,53325,071,06
55,53500,041,07
55,53600,011,03
55,53675,025,02
55,53750,045,02
55,53875,077,06
55,53950,043,03
55,53950,049,02
55,54000,045,02
55,54075,051,07
55,54500,073,07
55,54625,083,08
55,54650,039,06
55,54675,043,03
55,54725,025,02
55,54875,101,01
55,54900,023,03
55,55050,127,01
55,55050,133,01
55,55200,043,03
55,55200,049,02
55,55275,133,01
55,55550,133,05
55,55650,115,08
55,55700,057,07
55,55750,139,06
55,55800,019,07
55,55875,141,03
55,55950,011,03
55,56000,097,03
55,56050,078,08
55,56075,027,05
55,56125,077,06
55,56250,041,07
55,56350,005,07
55,56350,017,07
55,56375,133,01
55,56375,133,05
55,56450,089,06
55,56450,131,05
55,56700,045,02
55,56800,015,08
55,56900,057,03
55,56925,087,08
55,56925,135,08
55,57008,003,07
55,57050,113,07
55,57100,109,07
55,57325,075,08
55,57375,087,08
55,57700,101,01
55,58000,039,06
55,58025,111,02
55,58050,109,07
55,58375,135,08
55,58400,133,01
55,58575,081,03
55,58800,079,01
55,58850,081,03
55,58900,039,06
55,59250,133,05
55,59300,133,05
55,59350,083,08
55,59400,083,08
55,59450,003,07
55,59475,135,08
55,59500,099,07
55,59650,133,05
55,59800,031,07
55,59875,139,06
55,59925,063,03
55,60075,123,03
55,60100,117,06
55,60200,025,02
55,60250,105,02
55,60450,095,07
55,60500,139,06
55,60575,121,03
55,60825,019,07
55,60875,077,06
55,60950,077,06
55,60975,059,01
55,61025,055,05
55,61100,021,06
55,61200,099,07
55,61325,097,03
55,61425,043,03
55,61675,115,08
55,61725,127,01
55,61750,075,08
55,61800,051,07
55,61925,091,03
55,62175,075,08
55,62240,133,05
55,62250,133,05
55,62450,099,07
55,62675,121,03
55,62975,137,06
55,63100,141,07
55,63125,111,02
55,63150,137,06
55,63250,043,03
55,63300,059,01
55,63525,097,03
55,63600,093,03
55,63700,117,06
55,63925,097,03
55,63975,031,07
55,64100,021,06
55,64175,141,03
55,64450,089,06
55,64500,007,07
55,64550,067,07
55,64625,043,03
55,64675,015,08
55,64700,127,01
55,64750,075,08
55,64825,059,01
55,64825,127,01
55,64900,021,06
55,64950,137,06
55,65050,023,03
55,65100,111,02
55,65150,005,07
55,65325,099,07
55,65375,093,03
55,65600,047,06
55,65675,009,08
55,65675,083,08
55,65675,115,08
55,65725,115,08
55,66000,101,01
55,66050,113,07
55,66150,021,06
55,66150,027,06
55,66200,117,06
55,66450,123,03
55,66625,137,06
55,66800,111,02
55,66875,071,06
55,66900,027,05
55,67050,113,07
55,67100,049,02
55,67200,085,07
55,67275,119,07
55,67320,073,07
55,67350,005,07
55,67475,131,05
55,67625,103,03
55,67800,033,03
55,67875,049,02
55,68100,021,06
55,68175,039,06
55,68275,093,03
55,68275,109,07
55,68325,079,06
55,68475,109,07
55,68550,101,01
55,68725,025,02
55,68900,063,03
55,68975,111,02
55,69300,055,05
55,69525,039,06
55,69575,097,03
55,69725,073,07
55,70000,141,03
55,70500,039,06
55,70550,095,07
55,70650,079,04
55,70815,063,03
55,71025,071,06
55,71050,039,06
55,71585,043,03
55,71650,111,02
55,71700,089,06
55,71850,051,07
55,71950,125,07
55,71975,135,08
55,72150,073,07
55,72650,103,02
55,72670,035,03
55,72725,087,08
55,72875,127,01
55,72925,115,08
55,72975,117,06
55,73025,117,06
55,73175,107,07
55,73200,129,07
55,73525,015,08
55,73625,087,08
55,73725,079,04
55,73750,025,02
55,73825,065,02
55,74025,059,01
55,74175,013,07
55,74225,029,08
55,74400,131,05
55,74500,083,08
55,74550,023,03
55,74575,031,07
55,74675,109,07
55,75125,079,04
55,75275,065,02
55,75325,081,03
55,75400,073,07
55,75625,129,07
55,75975,127,01
55,76025,111,02
55,76300,093,03
55,76300,109,07
55,76625,017,07
55,76625,019,07
55,76825,109,07
55,77100,119,07
55,77175,023,03
55,77200,097,03
55,77400,015,08
55,77475,091,03
55,77550,123,03
55,77625,113,07
55,77625,129,07
55,77675,025,02
55,77750,073,07
55,77825,121,03
55,77875,029,08
55,77925,101,01
55,77975,009,08
55,78175,055,05
55,78425,067,07
55,78600,025,02
55,78650,031,07
55,78660,031,07
55,78725,083,08
55,78750,133,05
55,78980,033,03
55,79100,039,06
55,79150,053,03
55,79250,043,03
55,79375,027,06
55,79475,089,06
55,79600,115,08
55,79625,019,07
55,79675,085,07
55,79740,101,01
55,79825,115,08
55,79900,115,08
55,80075,081,03
55,80075,081,07
55,80125,069,07
55,80225,107,07
55,80300,083,08
55,80425,129,07
55,80475,121,03
55,81025,081,03
55,81075,005,07
55,81075,095,07
55,81090,127,01
55,81150,137,06
55,81250,059,01
55,81325,071,06
55,81725,057,03
55,81775,101,01
55,81850,019,07
55,81850,073,07
55,82200,071,06
55,82450,039,06
55,82600,025,02
55,82650,141,03
55,82900,103,03
55,82900,123,03
55,82925,123,03
55,83000,041,07
55,83100,117,06
55,83175,133,01
55,83250,127,01
55,83450,081,07
55,83525,007,07
55,83825,101,01
55,83925,055,05
55,83975,027,05
55,83975,055,05
55,84150,089,06
55,84200,139,06
55,84250,133,05
55,84300,011,03
55,84350,025,02
55,84375,135,08
55,84425,027,06
55,84425,039,06
55,84475,073,07
55,84525,075,08
55,84625,137,06
55,84675,079,05
55,84725,023,03
55,85025,013,07
55,85300,079,05
55,85325,111,02
55,85350,131,05
55,85425,119,07
55,85475,123,03
55,85575,077,06
55,85875,079,04
55,86025,073,07
55,86275,063,03
55,86400,135,08
55,86450,107,07
55,86575,033,03
55,86700,079,04
55,86725,121,03
55,86750,067,07
55,86775,071,06
55,86925,055,05
55,86925,127,05
55,86975,097,03
55,87000,119,07
55,87075,137,06
55,87200,127,01
55,87325,059,01
55,87475,109,07
55,87525,081,03
55,87625,139,08
55,87675,101,01
55,87700,101,01
55,87725,025,02
55,87900,139,08
55,87975,113,07
55,88150,001,03
55,88150,021,06
55,88150,057,03
55,88150,111,02
55,88200,141,03
55,88275,019,07
55,88325,115,08
55,88500,057,03
55,88675,065,02
55,88825,043,03
55,88925,085,07
55,89025,109,07
55,89150,009,08
55,89150,087,08
55,89275,081,07
55,89300,021,06
55,89625,103,03
55,89760,078,08
